   1   2     2.2246    0.0000 1   1
   1   3     8.4818    0.0000 1   2
   1   4     6.8818    0.1000 1   3
   1   5     6.6818    0.0894 1   4
   1   6     5.7698    0.2541 1   5
   1   7     7.7818    0.3516 1   6
   2   3     7.7180    0.0000 1   1
   2   4    28.2957    0.0000 1   2
   2   5    27.5607    0.0200 1   3
   2   6    29.2704    0.0004 1   4
   2   7    28.8674    0.0082 1   5
   2   8    31.3962    0.0002 1   6
   2   9    31.2962    0.0600 1   7
   2  10    30.3386    0.0700 1   8
   3   4     4.6150    0.2121 1   1
   3   5    26.3307    0.0500 1   2
   3   6    31.9940    0.0000 1   3
   3   7    39.2451    0.0000 1   4
   3   8    41.2777    0.0000 1   5
   3   9    45.3399    0.0001 1   6
   3  10    45.3135    0.0127 1   7
   3  11    45.7090    0.0011 1   8
   3  12    45.5890    0.0150 1   9
   3  13    44.2390    0.3500 1  10
   4   6    26.9235    0.0054 1   2
   4   7    37.6008    0.0001 1   3
   4   8    56.4995    0.0000 1   4
   4   9    58.1640    0.0001 1   5
   4  10    64.9763    0.0001 1   6
   4  11    65.4779    0.0002 1   7
   4  12    68.6498    0.0042 1   8
   4  13    68.5898    0.0108 1   9
   4  14    69.9146    0.1322 1  10
   5   7    24.7168    0.0707 1   2
   5   8    37.7372    0.0010 1   3
   5   9    56.3136    0.0009 1   4
   5  10    64.7507    0.0004 1   5
   5  11    76.2048    0.0004 1   6
   5  12    79.5752    0.0014 1   7
   5  13    84.4532    0.0011 1   8
   5  14    85.4230    0.0212 1   9
   5  15    88.1940    0.0224 1  10
   5  16    88.1090    0.0269 1  11
   5  17    89.5298    0.1709 1  12
   6   8    24.7940    0.0231 1   2
   6   9    39.0383    0.0021 1   3
   6  10    60.3204    0.0004 1   4
   6  11    73.4401    0.0009 1   5
   6  12    92.1617    0.0000 1   6
   6  13    97.1080    0.0000 1   7
   6  14   105.2845    0.0000 1   8
   6  15   106.5025    0.0008 1   9
   6  16   110.7529    0.0036 1  10
   6  17   111.4861    0.0174 1  11
   6  18   115.6701    0.0300 1  12
   6  19   116.2469    0.0984 1  13
   6  20   119.1747    0.2392 1  14
   7  10    36.4366    0.4000 1   3
   7  11    59.0045    0.0462 1   4
   7  12    74.0413    0.0010 1   5
   7  13    94.1052    0.0003 1   6
   7  14   104.6586    0.0000 1   7
   7  15   115.4919    0.0000 1   8
   7  16   117.9810    0.0026 1   9
   7  17   123.8659    0.0150 1  10
   7  18   126.6941    0.0186 1  11
   7  19   132.0216    0.0164 1  12
   7  20   134.1848    0.0556 1  13
   7  21   138.7701    0.0950 1  14
   7  22   140.0539    0.1922 1  15
   8  12    58.5491    0.0185 1   4
   8  13    75.5536    0.0095 1   5
   8  14    98.7322    0.0001 1   6
   8  15   111.9554    0.0005 1   7
   8  16   127.6193    0.0000 1   8
   8  17   131.7624    0.0000 1   9
   8  18   139.8078    0.0000 1  10
   8  19   143.7627    0.0028 1  11
   8  20   151.3714    0.0009 1  12
   8  21   155.1769    0.0120 1  13
   8  22   162.0286    0.0569 1  14
   8  23   164.7609    0.0900 1  15
   8  24   168.9524    0.1099 1  16
   8  25   168.1765    0.1109 1  17
   9  14    73.9936    0.0411 1   5
   9  15    97.2157    0.0711 1   6
   9  16   111.4197    0.0083 1   7
   9  17   128.2196    0.0003 1   8
   9  18   137.3695    0.0005 1   9
   9  19   147.8014    0.0000 1  10
   9  20   154.4027    0.0000 1  11
   9  21   162.5042    0.0018 1  12
   9  22   167.7345    0.0124 1  13
   9  23   175.2896    0.1001 1  14
   9  24   179.1110    0.0723 1  15
   9  25   183.3783    0.0755 1  16
   9  26   184.1481    0.0773 1  17
   9  27   186.2548    0.1900 1  18
  10  16    97.3212    0.0205 1   6
  10  17   112.8885    0.0004 1   7
  10  18   132.1426    0.0004 1   8
  10  19   143.7795    0.0002 1   9
  10  20   160.6448    0.0000 1  10
  10  21   167.4060    0.0000 1  11
  10  22   177.7702    0.0000 1  12
  10  23   182.9709    0.0001 1  13
  10  24   191.8398    0.0005 1  14
  10  25   196.0193    0.0447 1  15
  10  26   201.5513    0.0182 1  16
  10  27   203.0663    0.0652 1  17
  10  28   206.8818    0.0958 1  18
  10  29   207.8449    0.0997 1  19
  10  30   211.2765    0.2804 1  20
  10  31   211.5670    1.6199 1  21
  11  18   111.6375    0.1705 1   7
  11  19   131.8214    0.0120 1   8
  11  20   145.9703    0.0010 1   9
  11  21   163.0765    0.0003 1  10
  11  22   174.1447    0.0002 1  11
  11  23   186.5643    0.0000 1  12
  11  24   193.5238    0.0000 1  13
  11  25   202.5349    0.0012 1  14
  11  26   208.1092    0.0035 1  15
  11  27   214.8374    0.0037 1  16
  11  28   218.3794    0.0102 1  17
  11  29   222.7927    0.0121 1  18
  11  30   225.1596    0.0233 1  19
  11  31   229.0654    0.1029 1  20
  11  32   230.8667    0.1202 1  21
  12  19   112.1385    0.0500 1   7
  12  20   134.4794    0.0270 1   8
  12  21   149.1967    0.0164 1   9
  12  22   168.5808    0.0003 1  10
  12  23   181.7254    0.0007 1  11
  12  24   198.2570    0.0000 1  12
  12  25   205.5876    0.0001 1  13
  12  26   216.6806    0.0000 1  14
  12  27   223.1240    0.0001 1  15
  12  28   231.6274    0.0020 1  16
  12  29   235.2829    0.0114 1  17
  12  30   241.6434    0.0131 1  18
  12  31   244.0130    0.0168 1  19
  12  32   249.8056    0.0177 1  20
  12  33   252.0182    0.0223 1  21
  12  34   256.4762    0.0903 1  22
  12  35   257.4681    0.1798 1  23
  12  36   260.7991    0.4602 1  24
  13  23   168.7217    0.0003 1  10
  13  24   183.5900    0.0010 1  11
  13  25   200.5286    0.0005 1  12
  13  26   211.8939    0.0001 1  13
  13  27   224.9518    0.0001 1  14
  13  28   232.6768    0.0001 1  15
  13  29   242.1130    0.0012 1  16
  13  30   247.8415    0.0140 1  17
  13  31   254.9953    0.0203 1  18
  13  32   259.1736    0.0860 1  19
  13  33   264.6202    0.0683 1  20
  13  34   267.3014    0.0599 1  21
  13  35   272.5454    0.0699 1  22
  13  36   274.4465    0.0997 1  23
  13  37   278.6587    0.1202 1  24
  13  38   280.3297    0.2496 1  25
  14  24   172.0041    0.0195 1  10
  14  25   187.0034    0.0100 1  11
  14  26   206.0424    0.0001 1  12
  14  27   219.3571    0.0001 1  13
  14  28   236.5368    0.0000 1  14
  14  29   245.0104    0.0000 1  15
  14  30   255.6196    0.0000 1  16
  14  31   262.2070    0.0000 1  17
  14  32   271.4070    0.0003 1  18
  14  33   275.9149    0.0007 1  19
  14  34   283.4287    0.0141 1  20
  14  35   285.9037    0.0384 1  21
  14  36   292.0322    0.0568 1  22
  14  37   294.2802    0.0830 1  23
  14  38   299.9275    0.0698 1  24
  14  39   301.5082    0.0904 1  25
  14  40   306.4702    0.2301 1  26
  14  41   307.8515    0.3698 1  27
  15  27   206.9062    0.0264 1  12
  15  28   221.4107    0.0011 1  13
  15  29   239.2856    0.0006 1  14
  15  30   250.6049    0.0003 1  15
  15  31   262.9162    0.0000 1  16
  15  32   270.8518    0.0000 1  17
  15  33   280.9556    0.0011 1  18
  15  34   287.2383    0.0008 1  19
  15  35   295.6187    0.0019 1  20
  15  36   299.0833    0.0131 1  21
  15  37   305.8994    0.0380 1  22
  15  38   309.6176    0.0713 1  23
  15  39   315.8413    0.0810 1  24
  15  40   319.1919    0.1112 1  25
  15  41   324.1686    0.0801 1  26
  15  42   326.2504    0.2096 1  27
  15  43   330.6516    0.3698 1  28
  16  28   209.4061    0.1600 1  12
  16  29   224.7078    0.0500 1  13
  16  30   243.6843    0.0030 1  14
  16  31   256.7363    0.0010 1  15
  16  32   271.7801    0.0000 1  16
  16  33   280.4218    0.0000 1  17
  16  34   291.8389    0.0001 1  18
  16  35   298.8247    0.0000 1  19
  16  36   308.7140    0.0002 1  20
  16  37   313.0176    0.0002 1  21
  16  38   321.0537    0.0072 1  22
  16  39   325.4262    0.0500 1  23
  16  40   333.2655    0.1136 1  24
  16  41   337.4952    0.0613 1  25
  16  42   344.1553    0.1242 1  26
  16  43   346.6194    0.0997 1  27
  16  44   351.7202    0.1397 1  28
  16  45   354.6813    0.6903 1  29
  17  31   243.9771    0.0500 1  14
  17  32   258.3174    0.0009 1  15
  17  33   274.0569    0.0004 1  16
  17  34   285.5649    0.0001 1  17
  17  35   298.2097    0.0000 1  18
  17  36   306.7895    0.0000 1  19
  17  37   317.1004    0.0000 1  20
  17  38   323.2083    0.0001 1  21
  17  39   331.2817    0.0017 1  22
  17  40   337.1106    0.0321 1  23
  17  41   344.9313    0.0687 1  24
  17  42   350.6085    0.1438 1  25
  17  43   358.1749    0.2058 1  26
  17  44   362.4433    0.1375 1  27
  17  45   368.2691    0.0997 1  28
  17  46   371.7910    0.1602 1  29
  18  32   246.4003    0.0018 1  14
  18  33   261.6555    0.0004 1  15
  18  34   278.7199    0.0003 1  16
  18  35   291.4612    0.0007 1  17
  18  36   306.7167    0.0000 1  18
  18  37   315.5042    0.0002 1  19
  18  38   327.3426    0.0002 1  20
  18  39   333.9413    0.0050 1  21
  18  40   343.8104    0.0000 1  22
  18  41   349.9093    0.0003 1  23
  18  42   359.3358    0.0058 1  24
  18  43   364.9942    0.0053 1  25
  18  44   373.7289    0.0016 1  26
  18  45   378.8979    0.0005 1  27
  18  46   386.9278    0.0408 1  28
  18  47   390.4794    0.0898 1  29
  19  35   278.8044    0.0005 1  16
  19  36   293.1202    0.0004 1  17
  19  37   308.5743    0.0001 1  18
  19  38   320.6461    0.0002 1  19
  19  39   333.7240    0.0000 1  20
  19  40   341.5236    0.0000 1  21
  19  41   351.6190    0.0000 1  22
  19  42   359.1527    0.0001 1  23
  19  43   368.7774    0.0004 1  24
  19  44   376.0548    0.0004 1  25
  19  45   384.9603    0.0005 1  26
  19  46   391.8299    0.0007 1  27
  19  47   400.1963    0.0025 1  28
  19  48   404.8439    0.0024 1  29
  19  49   410.2419    0.0026 1  30
  19  50   414.4377    0.0103 1  31
  20  36   281.3716    0.0400 1  16
  20  37   296.1275    0.0008 1  17
  20  38   313.1216    0.0003 1  18
  20  39   326.4171    0.0006 1  19
  20  40   342.0522    0.0000 1  20
  20  41   350.4150    0.0001 1  21
  20  42   361.8957    0.0002 1  22
  20  43   369.8286    0.0002 1  23
  20  44   380.9599    0.0003 1  24
  20  45   388.3747    0.0004 1  25
  20  46   398.7737    0.0023 1  26
  20  47   406.0500    0.0022 1  27
  20  48   415.9998    0.0022 1  28
  20  49   421.1462    0.0022 1  29
  20  50   427.5070    0.0034 1  30
  20  51   431.8637    0.0937 1  31
  20  52   436.5707    0.6986 1  32
  21  39   312.5248    0.0240 1  18
  21  40   326.9467    0.0028 1  19
  21  41   343.1372    0.0001 1  20
  21  42   354.6872    0.0002 1  21
  21  43   366.8255    0.0018 1  22
  21  44   376.5250    0.0018 1  23
  21  45   387.8504    0.0006 1  24
  21  46   396.6110    0.0006 1  25
  21  47   407.2594    0.0019 1  26
  21  48   415.4967    0.0051 1  27
  21  49   425.6255    0.0031 1  28
  21  50   431.6829    0.0152 1  29
  21  51   438.4355    0.0201 1  30
  21  52   443.6358    0.1933 1  31
  21  55   457.0737    0.7360 1  34
  22  40   314.4915    0.1600 1  18
  22  41   328.8026    0.3633 1  19
  22  42   346.8884    0.0003 1  20
  22  43   359.1762    0.0069 1  21
  22  44   375.4749    0.0007 1  22
  22  45   385.0060    0.0008 1  23
  22  46   398.1960    0.0003 1  24
  22  47   407.0767    0.0003 1  25
  22  48   418.7034    0.0003 1  26
  22  49   426.8457    0.0003 1  27
  22  50   437.7850    0.0004 1  28
  22  51   444.1575    0.0006 1  29
  22  52   451.9658    0.0071 1  30
  22  53   457.3982    0.1001 1  31
  22  54   464.2339    0.1247 1  32
  22  55   468.3812    0.1521 1  33
  22  56   473.7189    0.1959 1  34
  22  57   476.3973    0.4554 1  35
  23  44   361.2604    0.1211 1  21
  23  45   377.0951    0.0170 1  22
  23  46   390.3610    0.0003 1  23
  23  47   403.3636    0.0003 1  24
  23  48   413.9057    0.0011 1  25
  23  49   425.4615    0.0009 1  26
  23  50   434.7960    0.0009 1  27
  23  51   445.8471    0.0009 1  28
  23  52   453.1584    0.0009 1  29
  23  53   461.6358    0.0031 1  30
  23  54   467.7493    0.0150 1  31
  23  55   475.0811    0.1000 1  32
  23  56   480.0799    0.2042 1  33
  23  57   486.2599    0.2330 1  34
  23  58   490.3512    0.2480 1  35
  23  59   495.2803    0.3074 1  36
  23  60   498.8623    0.4747 1  37
  24  46   381.9778    0.0200 1  22
  24  47   395.1342    0.0140 1  23
  24  48   411.4685    0.0073 1  24
  24  49   422.0512    0.0024 1  25
  24  50   435.0515    0.0009 1  26
  24  51   444.3122    0.0009 1  27
  24  52   456.3502    0.0006 1  28
  24  53   464.2894    0.0006 1  29
  24  54   474.0085    0.0006 1  30
  24  55   480.2548    0.0006 1  31
  24  56   488.4987    0.0018 1  32
  24  57   493.8129    0.0019 1  33
  24  58   501.1948    0.2029 1  34
  24  59   505.3229    0.2443 1  35
  24  60   512.0066    0.2134 1  36
  24  61   515.7547    0.2546 1  37
  24  62   522.0599    0.3370 1  38
  25  48   397.1880    0.1118 1  23
  25  49   413.5505    0.0240 1  24
  25  50   426.6347    0.0009 1  25
  25  51   440.3222    0.0009 1  26
  25  52   450.8567    0.0019 1  27
  25  53   462.9102    0.0006 1  28
  25  54   471.8490    0.0011 1  29
  25  55   482.0755    0.0004 1  30
  25  56   489.3459    0.0004 1  31
  25  57   497.9925    0.0015 1  32
  25  58   504.4052    0.0027 1  33
  25  59   512.1743    0.0023 1  34
  25  60   517.6882    0.0023 1  35
  25  61   524.5338    0.0023 1  36
  25  62   529.0439    0.0026 1  37
  25  63   535.8213    0.0037 1  38
  25  64   539.9947    0.0035 1  39
  25  65   546.0443    0.0037 1  40
  25  66   549.8987    0.0112 1  41
  26  50   417.7134    0.0600 1  24
  26  51   431.5176    0.0150 1  25
  26  52   447.7005    0.0066 1  26
  26  53   458.3855    0.0017 1  27
  26  54   471.7640    0.0005 1  28
  26  55   481.0621    0.0005 1  29
  26  56   492.2592    0.0004 1  30
  26  57   499.9052    0.0005 1  31
  26  58   509.9498    0.0005 1  32
  26  59   516.5308    0.0005 1  33
  26  60   525.3508    0.0034 1  34
  26  61   530.9297    0.0026 1  35
  26  62   538.9586    0.0028 1  36
  26  63   543.7876    0.0043 1  37
  26  64   551.1928    0.0049 1  38
  26  65   555.5161    0.0068 1  39
  26  66   562.4338    0.0041 1  40
  26  67   566.1296    0.4156 1  41
  26  68   571.6368    0.6986 1  42
  27  53   449.3151    0.0017 1  26
  27  54   462.7371    0.0005 1  27
  27  55   476.8284    0.0005 1  28
  27  56   486.9102    0.0006 1  29
  27  57   498.2867    0.0006 1  30
  27  58   506.8596    0.0012 1  31
  27  59   517.3135    0.0005 1  32
  27  60   524.8054    0.0005 1  33
  27  61   534.1246    0.0009 1  34
  27  62   540.7296    0.0200 1  35
  27  63   549.2092    0.0200 1  36
  27  64   555.2327    0.0200 1  37
  27  65   562.6974    0.0021 1  38
  27  66   567.9921    0.0140 1  39
  27  67   574.9768    0.0064 1  40
  27  68   579.6384    0.1304 1  41
  27  69   585.8002    0.3353 1  42
  27  70   589.5120    0.8383 1  43
  27  71   595.8135    0.8384 1  44
  28  54   453.1682    0.0500 1  26
  28  55   467.3519    0.0008 1  27
  28  56   483.9949    0.0006 1  28
  28  57   494.2426    0.0007 1  29
  28  58   506.4588    0.0005 1  30
  28  59   515.4581    0.0005 1  31
  28  60   526.8458    0.0005 1  32
  28  61   534.6659    0.0005 1  33
  28  62   545.2618    0.0005 1  34
  28  63   552.0995    0.0005 1  35
  28  64   561.7571    0.0006 1  36
  28  65   567.8552    0.0006 1  37
  28  66   576.8075    0.0014 1  38
  28  67   582.6152    0.0029 1  39
  28  68   590.4077    0.0030 1  40
  28  69   594.9938    0.0037 1  41
  28  70   602.3002    0.0022 1  42
  28  71   606.5638    0.0023 1  43
  28  72   613.4550    0.0023 1  44
  28  73   617.4084    0.0025 1  45
  29  57   484.6852    0.0006 1  28
  29  58   497.1154    0.0006 1  29
  29  59   509.8774    0.0006 1  30
  29  60   519.9355    0.0016 1  31
  29  61   531.6460    0.0010 1  32
  29  62   540.5206    0.0007 1  33
  29  63   551.3842    0.0005 1  34
  29  64   559.3003    0.0005 1  35
  29  65   569.2109    0.0007 1  36
  29  66   576.2769    0.0007 1  37
  29  67   585.4091    0.0012 1  38
  29  68   591.7286    0.0016 1  39
  29  69   599.9691    0.0014 1  40
  29  70   605.2806    0.0010 1  41
  29  71   613.0867    0.0015 1  42
  29  72   618.2299    0.0014 1  43
  29  73   625.5054    0.0020 1  44
  29  74   630.5957    0.0061 1  45
  29  75   637.1318    0.0024 1  46
  29  76   641.7081    0.0067 1  47
  29  77   647.1014    0.5030 1  48
  29  78   651.3721    0.5030 1  49
  30  58   486.9641    0.0500 1  28
  30  59   499.9522    0.0008 1  29
  30  60   514.9824    0.0007 1  30
  30  61   525.2232    0.0163 1  31
  30  62   538.1188    0.0007 1  32
  30  63   547.2356    0.0016 1  33
  30  64   559.0976    0.0006 1  34
  30  65   567.0769    0.0007 1  35
  30  66   578.1356    0.0009 1  36
  30  67   585.1879    0.0009 1  37
  30  68   595.3859    0.0009 1  38
  30  69   601.8680    0.0009 1  39
  30  70   611.0864    0.0020 1  40
  30  71   616.9221    0.0028 1  41
  30  72   625.8099    0.0022 1  42
  30  73   631.3292    0.0019 1  43
  30  74   639.5638    0.0025 1  44
  30  75   644.4373    0.0020 1  45
  30  76   652.2528    0.0014 1  46
  30  77   656.8102    0.0020 1  47
  30  78   663.5756    0.0020 1  48
  30  79   667.5960    0.0022 1  49
  30  80   673.8836    0.0026 1  50
  30  81   676.5059    0.0050 1  51
  31  61   515.1859    0.0526 1  30
  31  62   528.1553    0.0007 1  31
  31  63   540.7874    0.0013 1  32
  31  64   551.1450    0.0015 1  33
  31  65   563.0402    0.0008 1  34
  31  66   572.1782    0.0031 1  35
  31  67   583.4044    0.0012 1  36
  31  68   591.6826    0.0015 1  37
  31  69   601.9959    0.0012 1  38
  31  70   609.6495    0.0012 1  39
  31  71   618.9498    0.0008 1  40
  31  72   625.4703    0.0008 1  41
  31  73   634.6527    0.0017 1  42
  31  74   641.0743    0.0037 1  43
  31  75   649.5605    0.0024 1  44
  31  76   655.4640    0.0020 1  45
  31  77   663.2310    0.0024 1  46
  31  78   669.0160    0.0019 1  47
  31  79   675.9290    0.0019 1  48
  31  80   680.6763    0.0029 1  49
  31  81   687.1520    0.0032 1  50
  31  82   690.5260    0.0025 1  51
  31  83   694.9238    0.0026 1  52
  32  63   530.3791    0.0372 1  31
  32  64   545.8447    0.0037 1  32
  32  65   556.0811    0.0026 1  33
  32  66   569.2788    0.0024 1  34
  32  67   578.4010    0.0047 1  35
  32  68   590.7932    0.0019 1  36
  32  69   598.9864    0.0013 1  37
  32  70   610.5189    0.0008 1  38
  32  71   617.9348    0.0009 1  39
  32  72   628.6854    0.0005 1  40
  32  73   635.4683    0.0005 1  41
  32  74   645.6646    0.0005 1  42
  32  75   652.1698    0.0005 1  43
  32  76   661.5979    0.0001 1  44
  32  77   667.6702    0.0004 1  45
  32  78   676.3897    0.0035 1  46
  32  79   682.1255    0.0372 1  47
  32  80   690.2057    0.0021 1  48
  32  81   695.0333    0.0020 1  49
  32  82   702.2280    0.0022 1  50
  32  83   705.8606    0.0024 1  51
  32  84   711.1041    0.0032 1  52
  32  85   714.1503    0.0037 1  53
  33  65   545.7552    0.0848 1  32
  33  66   558.9181    0.0256 1  33
  33  67   571.5468    0.0013 1  34
  33  68   581.9267    0.0018 1  35
  33  69   594.1899    0.0312 1  36
  33  70   603.5166    0.0500 1  37
  33  71   615.1392    0.0042 1  38
  33  72   623.5469    0.0041 1  39
  33  73   634.3412    0.0039 1  40
  33  74   642.3198    0.0018 1  41
  33  75   652.5651    0.0009 1  42
  33  76   659.8936    0.0009 1  43
  33  77   669.5903    0.0018 1  44
  33  78   676.5626    0.0098 1  45
  33  79   685.4531    0.0055 1  46
  33  80   692.0595    0.0157 1  47
  33  81   700.4926    0.0027 1  48
  33  82   706.1336    0.0043 1  49
  33  83   713.7712    0.0028 1  50
  33  84   718.0269    0.0032 1  51
  33  85   723.4337    0.0031 1  52
  33  86   727.2780    0.0034 1  53
  33  87   732.0050    0.0030 1  54
  34  67   560.7588    0.0671 1  33
  34  68   576.4393    0.0005 1  34
  34  69   586.6219    0.0342 1  35
  34  70   600.3223    0.0016 1  36
  34  71   609.6102    0.0028 1  37
  34  72   622.4032    0.0019 1  38
  34  73   630.8336    0.0074 1  39
  34  74   642.8904    0.0003 1  40
  34  75   650.9180    0.0003 1  41
  34  76   662.0721    0.0001 1  42
  34  77   669.4911    0.0001 1  43
  34  78   679.9888    0.0002 1  44
  34  79   686.9516    0.0002 1  45
  34  80   696.8655    0.0014 1  46
  34  81   703.5663    0.0015 1  47
  34  82   712.8423    0.0016 1  48
  34  83   718.6602    0.0034 1  49
  34  84   727.3385    0.0019 1  50
  34  85   731.8758    0.0026 1  51
  34  86   738.0367    0.0025 1  52
  34  87   742.0309    0.0023 1  53
  34  88   747.5604    0.0033 1  54
  34  89   750.7399    0.0037 1  55
  35  70   589.0357    0.0149 1  35
  35  71   602.1838    0.0054 1  36
  35  72   612.8201    0.0067 1  37
  35  73   625.4717    0.0073 1  38
  35  74   635.1804    0.0064 1  39
  35  75   647.0739    0.0043 1  40
  35  76   656.3270    0.0093 1  41
  35  77   667.3439    0.0028 1  42
  35  78   675.6326    0.0036 1  43
  35  79   686.3204    0.0015 1  44
  35  80   694.2126    0.0015 1  45
  35  81   704.3701    0.0013 1  46
  35  82   711.9631    0.0013 1  47
  35  83   721.5436    0.0051 1  48
  35  84   728.3979    0.0300 1  49
  35  85   737.2553    0.0031 1  50
  35  86   742.3834    0.0031 1  51
  35  87   748.7142    0.0031 1  52
  35  88   753.6097    0.0032 1  53
  35  89   759.2394    0.0033 1  54
  35  90   763.0367    0.0033 1  55
  35  91   768.2150    0.0035 1  56
  35  92   771.4119    0.0067 1  57
  36  71   591.2262    0.1288 1  35
  36  72   606.9110    0.0080 1  36
  36  73   617.5934    0.0066 1  37
  36  74   631.4445    0.0021 1  38
  36  75   641.5079    0.0081 1  39
  36  76   654.2699    0.0040 1  40
  36  77   663.4963    0.0019 1  41
  36  78   675.5778    0.0007 1  42
  36  79   683.9122    0.0036 1  43
  36  80   695.4334    0.0008 1  44
  36  81   703.3069    0.0014 1  45
  36  82   714.2739    0.0009 1  46
  36  83   721.7449    0.0003 1  47
  36  84   732.2656    0.0000 1  48
  36  85   739.3779    0.0020 1  49
  36  86   749.2345    0.0000 1  50
  36  87   754.7496    0.0003 1  51
  36  88   761.8027    0.0026 1  52
  36  89   766.7186    0.0021 1  53
  36  90   773.2133    0.0019 1  54
  36  91   777.2993    0.0023 1  55
  36  92   783.1660    0.0027 1  56
  36  93   786.6041    0.0025 1  57
  36  94   791.8871    0.0121 1  58
  36  95   794.7697    0.0186 1  59
  36  96   799.7617    0.0204 1  60
  36  97   802.1768    0.1304 1  61
  37  74   620.2476    0.0036 1  37
  37  75   633.6207    0.0016 1  38
  37  76   644.9514    0.0011 1  39
  37  77   657.3751    0.0013 1  40
  37  78   667.5522    0.0075 1  41
  37  79   679.4902    0.0021 1  42
  37  80   688.9340    0.0018 1  43
  37  81   700.2864    0.0049 1  44
  37  82   709.0890    0.0030 1  45
  37  83   720.0432    0.0023 1  46
  37  84   728.8002    0.0029 1  47
  37  85   739.2825    0.0000 1  48
  37  86   747.9335    0.0002 1  49
  37  87   757.8557    0.0000 1  50
  37  88   763.9381    0.0002 1  51
  37  89   771.1128    0.0054 1  52
  37  90   776.8366    0.0066 1  53
  37  91   783.2896    0.0081 1  54
  37  92   788.3870    0.0062 1  55
  37  93   794.3057    0.0078 1  56
  37  94   798.3190    0.0034 1  57
  37  95   803.7228    0.0202 1  58
  37  96   807.2541    0.0034 1  59
  37  97   812.4891    0.0053 1  60
  37  98   816.0732    0.0501 1  61
  37  99   821.3340    0.1120 1  62
  38  75   622.2382    0.2200 1  37
  38  76   637.9386    0.0344 1  38
  38  77   649.5657    0.0079 1  39
  38  78   663.0074    0.0075 1  40
  38  79   673.3818    0.0084 1  41
  38  80   686.2877    0.0034 1  42
  38  81   695.5756    0.0032 1  43
  38  82   708.1288    0.0060 1  44
  38  83   716.9878    0.0068 1  45
  38  84   728.9108    0.0013 1  46
  38  85   737.4360    0.0028 1  47
  38  86   748.9273    0.0011 1  48
  38  87   757.3556    0.0010 1  49
  38  88   768.4681    0.0011 1  50
  38  89   774.8268    0.0011 1  51
  38  90   782.6388    0.0028 1  52
  38  91   788.4135    0.0058 1  53
  38  92   795.6995    0.0034 1  54
  38  93   800.9894    0.0075 1  55
  38  94   807.8178    0.0071 1  56
  38  95   812.1699    0.0060 1  57
  38  96   818.0503    0.0088 1  58
  38  97   821.7802    0.0096 1  59
  38  98   827.6965    0.0096 1  60
  38  99   831.8608    0.0073 1  61
  38 100   837.2360    0.0096 1  62
  38 101   841.0391    0.0804 1  63
  39  79   665.4794    0.4501 1  40
  39  80   676.3421    0.0064 1  41
  39  81   688.9783    0.0056 1  42
  39  82   699.4008    0.0057 1  43
  39  83   711.6136    0.0187 1  44
  39  84   721.3737    0.0045 1  45
  39  85   733.3926    0.0190 1  46
  39  86   742.9050    0.0142 1  47
  39  87   754.7114    0.0016 1  48
  39  88   764.0632    0.0018 1  49
  39  89   775.5454    0.0025 1  50
  39  90   782.4024    0.0024 1  51
  39  91   790.3314    0.0028 1  52
  39  92   796.8677    0.0093 1  53
  39  93   804.3495    0.0106 1  54
  39  94   810.5453    0.0071 1  55
  39  95   817.4767    0.0069 1  56
  39  96   822.6797    0.0065 1  57
  39  97   828.5366    0.0072 1  58
  39  98   832.7813    0.0083 1  59
  39  99   839.2077    0.0070 1  60
  39 100   843.9568    0.0115 1  61
  39 101   849.7618    0.0075 1  62
  39 103   859.3347    0.0988 1  64
  40  80   669.9286    1.4904 1  40
  40  81   680.8796    0.1647 1  41
  40  83   704.5373    0.0066 1  43
  40  84   718.1187    0.0057 1  44
  40  85   727.9434    0.0066 1  45
  40  86   740.8085    0.0036 1  46
  40  87   750.2587    0.0044 1  47
  40  88   762.6115    0.0056 1  48
  40  89   771.9301    0.0036 1  49
  40  90   783.8989    0.0023 1  50
  40  91   791.0933    0.0022 1  51
  40  92   799.7281    0.0022 1  52
  40  93   806.4625    0.0022 1  53
  40  94   814.6825    0.0023 1  54
  40  95   821.1445    0.0022 1  55
  40  96   829.0003    0.0025 1  56
  40  97   834.5755    0.0025 1  57
  40  98   840.9909    0.0088 1  58
  40  99   845.3931    0.0106 1  59
  40 100   852.2223    0.0084 1  60
  40 101   857.0825    0.0086 1  61
  40 102   863.5759    0.0095 1  62
  40 103   867.8766    0.0096 1  63
  40 104   873.8566    0.0097 1  64
  40 105   877.6688    0.0124 1  65
  41  83   696.2550    0.3000 1  42
  41  85   720.2654    0.0041 1  44
  41  86   731.1912    0.0057 1  45
  41  87   744.0030    0.0070 1  46
  41  88   754.3752    0.0518 1  47
  41  89   766.9214    0.0268 1  48
  41  90   777.0055    0.0046 1  49
  41  91   789.0530    0.0037 1  50
  41  92   796.9398    0.0027 1  51
  41  93   805.7705    0.0022 1  52
  41  94   812.9981    0.0023 1  53
  41  95   821.4853    0.0015 1  54
  41  96   828.3784    0.0036 1  55
  41  97   836.4518    0.0022 1  56
  41  98   842.4463    0.0056 1  57
  41  99   849.3143    0.0122 1  58
  41 100   854.8621    0.0084 1  59
  41 101   862.0132    0.0042 1  60
  41 102   867.5122    0.0036 1  61
  41 103   874.2930    0.0044 1  62
  41 104   879.1693    0.0036 1  63
  41 105   885.3223    0.0045 1  64
  41 106   889.6814    0.0046 1  65
  41 107   895.2731    0.0082 1  66
  41 108   899.1904    0.1043 1  67
  42  85   710.7131    0.0158 1  43
  42  86   725.3849    0.0037 1  44
  42  87   736.2289    0.0039 1  45
  42  88   750.1039    0.0038 1  46
  42  89   760.5036    0.0039 1  47
  42  90   773.7342    0.0061 1  48
  42  91   783.8399    0.0112 1  49
  42  92   796.5120    0.0037 1  50
  42  93   804.5818    0.0037 1  51
  42  94   814.2594    0.0015 1  52
  42  95   821.6285    0.0015 1  53
  42  96   830.7829    0.0014 1  54
  42  97   837.6040    0.0015 1  55
  42  98   846.2466    0.0015 1  56
  42  99   852.1721    0.0015 1  57
  42 100   860.4611    0.0020 1  58
  42 101   865.8593    0.0020 1  59
  42 102   873.9887    0.0086 1  60
  42 103   879.4572    0.0096 1  61
  42 104   886.9176    0.0093 1  62
  42 105   891.9763    0.0095 1  63
  42 106   898.8452    0.0094 1  64
  42 107   903.3337    0.0095 1  65
  42 108   909.6094    0.0095 1  66
  42 109   913.5909    0.0114 1  67
  42 110   919.5390    0.0243 1  68
  43  87   726.2537    0.0042 1  44
  43  88   738.3141    0.0038 1  45
  43  89   752.1012    0.0038 1  46
  43  90   763.5013    0.0034 1  47
  43  91   776.8362    0.0033 1  48
  43  92   787.8450    0.0038 1  49
  43  93   800.5985    0.0038 1  50
  43  94   809.2213    0.0043 1  51
  43  95   819.1557    0.0053 1  52
  43  96   827.0272    0.0054 1  53
  43  97   836.5014    0.0044 1  54
  43  98   843.7801    0.0036 1  55
  43  99   852.7466    0.0017 1  56
  43 100   859.5111    0.0020 1  57
  43 101   867.9012    0.0240 1  58
  43 102   874.2026    0.0093 1  59
  43 103   882.3054    0.0100 1  60
  43 104   888.2852    0.0250 1  61
  43 105   896.1418    0.0353 1  62
  43 106   901.6925    0.0125 1  63
  43 107   908.7366    0.0088 1  64
  43 108   913.9807    0.0089 1  65
  43 109   920.4120    0.0098 1  66
  43 110   925.2349    0.0096 1  67
  43 111   931.2963    0.0107 1  68
  43 112   935.5999    0.0058 1  69
  43 113   941.2957    0.0988 1  70
  44  90   756.8787    0.0041 1  46
  44  91   768.3054    0.0029 1  47
  44  92   782.4391    0.0028 1  48
  44  93   793.4232    0.0040 1  49
  44  94   806.8602    0.0039 1  50
  44  95   815.8096    0.0096 1  51
  44  96   826.5037    0.0014 1  52
  44  97   834.6152    0.0031 1  53
  44  98   844.7907    0.0065 1  54
  44  99   852.2574    0.0020 1  55
  44 100   861.9307    0.0020 1  56
  44 101   868.7328    0.0020 1  57
  44 102   877.9523    0.0020 1  58
  44 103   884.1845    0.0020 1  59
  44 104   893.0861    0.0030 1  60
  44 105   898.9962    0.0030 1  61
  44 106   907.4572    0.0059 1  62
  44 107   913.0667    0.0088 1  63
  44 108   920.9369    0.0089 1  64
  44 109   926.0853    0.0090 1  65
  44 110   933.4913    0.0091 1  66
  44 111   938.2747    0.0098 1  67
  44 112   945.1915    0.0097 1  68
  44 113   949.5099    0.0357 1  69
  44 114   955.9224    0.0124 1  70
  44 115   959.9678    0.0886 1  71
  45  92   770.3546    0.0044 1  47
  45  93   784.4439    0.0031 1  48
  45  94   796.4057    0.0043 1  49
  45  95   809.9118    0.0042 1  50
  45  96   819.3286    0.0101 1  51
  45  97   830.3097    0.0355 1  52
  45  98   838.9587    0.0120 1  53
  45  99   849.4318    0.0069 1  54
  45 100   857.5130    0.0182 1  55
  45 101   867.4092    0.0061 1  56
  45 102   874.8471    0.0049 1  57
  45 103   884.1656    0.0028 1  58
  45 104   891.1646    0.0028 1  59
  45 105   900.1316    0.0036 1  60
  45 106   906.7143    0.0059 1  61
  45 107   915.2861    0.0123 1  62
  45 108   921.5283    0.0141 1  63
  45 109   929.5787    0.0060 1  64
  45 110   935.4828    0.0187 1  65
  45 111   943.0149    0.0071 1  66
  45 112   948.5156    0.0441 1  67
  45 113   955.6207    0.0075 1  68
  45 114   960.6378    0.0716 1  69
  45 115   967.2256    0.0076 1  70
  45 116   971.8085    0.0655 1  71
  45 117   978.0358    0.0091 1  72
  45 118   982.0972    0.0243 1  73
  46  94   788.8182    0.0045 1  48
  46  95   800.7534    0.0047 1  49
  46  96   815.0421    0.0044 1  50
  46  97   824.7357    0.0049 1  51
  46  98   836.3217    0.0046 1  52
  46  99   845.2571    0.0050 1  53
  46 100   856.3703    0.0177 1  54
  46 101   864.6469    0.0048 1  55
  46 102   875.2150    0.0030 1  56
  46 103   882.8403    0.0029 1  57
  46 104   892.8223    0.0034 1  58
  46 105   899.9163    0.0034 1  59
  46 106   909.4773    0.0034 1  60
  46 107   916.0139    0.0034 1  61
  46 108   925.2355    0.0028 1  62
  46 109   931.3890    0.0028 1  63
  46 110   940.2054    0.0067 1  64
  46 111   945.9317    0.0067 1  65
  46 112   954.3229    0.0068 1  66
  46 113   959.6619    0.0072 1  67
  46 114   967.6330    0.0072 1  68
  46 115   972.6399    0.0137 1  69
  46 116   980.1164    0.0074 1  70
  46 117   984.7805    0.0075 1  71
  46 118   991.8186    0.0077 1  72
  46 119   995.9066    0.0084 1  73
  46 120  1002.8801    0.0094 1  74
  47  96   802.6996    0.0602 1  49
  47  97   816.9733    0.1101 1  50
  47  98   827.2698    0.0372 1  51
  47  99   839.0027    0.0062 1  52
  47 100   848.4994    0.0050 1  53
  47 101   859.7672    0.0048 1  54
  47 102   868.7507    0.0082 1  55
  47 103   879.3757    0.0038 1  56
  47 104   887.7613    0.0053 1  57
  47 105   897.7889    0.0045 1  58
  47 106   905.7299    0.0043 1  59
  47 107   915.2662    0.0031 1  60
  47 108   922.5376    0.0030 1  61
  47 109   931.7228    0.0021 1  62
  47 110   938.5320    0.0020 1  63
  47 111   947.3639    0.0022 1  64
  47 112   953.8010    0.0025 1  65
  47 113   962.3185    0.0167 1  66
  47 114   968.2907    0.0046 1  67
  47 115   976.4145    0.0183 1  68
  47 116   982.0452    0.0032 1  69
  47 117   989.7558    0.0136 1  70
  47 118   995.1989    0.0025 1  71
  47 119  1002.3622    0.0148 1  72
  47 120  1007.4393    0.0044 1  73
  47 121  1014.2620    0.0121 1  74
  47 122  1019.0364    0.0382 1  75
  47 123  1025.5497    0.0308 1  76
  47 124  1030.2732    0.2515 1  77
  48  98   821.0574    0.0547 1  50
  48  99   831.4389    0.0016 1  51
  48 100   843.7737    0.0017 1  52
  48 101   853.4866    0.0014 1  53
  48 102   865.3815    0.0016 1  54
  48 103   874.4451    0.0018 1  55
  48 104   885.8328    0.0017 1  56
  48 105   894.2695    0.0014 1  57
  48 106   905.1374    0.0017 1  58
  48 107   913.0683    0.0017 1  59
  48 108   923.4021    0.0021 1  60
  48 109   930.7252    0.0016 1  61
  48 110   940.6426    0.0018 1  62
  48 111   947.6183    0.0017 1  63
  48 112   957.0126    0.0017 1  64
  48 113   963.5526    0.0016 1  65
  48 114   972.5956    0.0016 1  66
  48 115   978.7365    0.0017 1  67
  48 116   987.4366    0.0016 1  68
  48 117   993.2138    0.0020 1  69
  48 118  1001.5684    0.0201 1  70
  48 119  1006.9112    0.0377 1  71
  48 120  1014.9628    0.0037 1  72
  48 121  1020.1346    0.0846 1  73
  48 122  1027.7645    0.0044 1  74
  48 123  1032.5382    0.0374 1  75
  48 124  1039.9882    0.0092 1  76
  48 125  1044.7098    0.0609 1  77
  48 126  1051.6898    0.0042 1  78
  48 127  1055.9402    0.0639 1  79
  48 128  1062.8264    0.0168 1  80
  48 130  1073.2568    0.1647 1  82
  49 100   833.1409    0.1803 1  51
  49 102   855.6344    0.0048 1  53
  49 103   867.6403    0.0092 1  54
  49 104   877.2647    0.0058 1  55
  49 105   888.7939    0.0103 1  56
  49 106   897.8286    0.0113 1  57
  49 107   908.8600    0.0104 1  58
  49 108   917.4834    0.0094 1  59
  49 109   927.9271    0.0043 1  60
  49 110   935.9822    0.0117 1  61
  49 111   945.9745    0.0039 1  62
  49 112   953.6456    0.0046 1  63
  49 113   963.0923    0.0016 1  64
  49 114   970.3661    0.0015 1  65
  49 115   979.4028    0.0000 1  66
  49 116   986.1876    0.0002 1  67
  49 117   994.9522    0.0049 1  68
  49 118  1001.3086    0.0078 1  69
  49 119  1009.8508    0.0076 1  70
  49 120  1015.9513    0.0401 1  71
  49 121  1024.1322    0.0275 1  72
  49 122  1029.9397    0.0500 1  73
  49 123  1037.8646    0.0234 1  74
  49 124  1043.3771    0.0310 1  75
  49 125  1051.0585    0.0294 1  76
  49 126  1056.4647    0.0404 1  77
  49 127  1063.6144    0.0224 1  78
  49 128  1069.1543    0.0485 1  79
  49 129  1075.6787    0.0388 1  80
  49 130  1080.8246    0.0390 1  81
  49 131  1087.0574    0.0200 1  82
  49 132  1089.4926    0.0603 1  83
  50 100   824.9393    0.5606 1  50
  50 102   849.0919    0.1002 1  52
  50 103   859.1978    0.0706 1  53
  50 104   871.9244    0.0059 1  54
  50 105   881.7089    0.0040 1  55
  50 106   893.7960    0.0051 1  56
  50 107   903.0259    0.0054 1  57
  50 108   914.6562    0.0055 1  58
  50 109   923.2892    0.0081 1  59
  50 110   934.5714    0.0137 1  60
  50 111   942.7404    0.0055 1  61
  50 112   953.5281    0.0017 1  62
  50 113   961.2718    0.0021 1  63
  50 114   971.5723    0.0015 1  64
  50 115   979.1180    0.0000 1  65
  50 116   988.6815    0.0001 1  66
  50 117   995.6245    0.0005 1  67
  50 118  1004.9509    0.0005 1  68
  50 119  1011.4344    0.0007 1  69
  50 120  1020.5389    0.0022 1  70
  50 121  1026.7092    0.0022 1  71
  50 122  1035.5260    0.0026 1  72
  50 123  1041.4723    0.0026 1  73
  50 124  1049.9631    0.0014 1  74
  50 125  1055.6963    0.0015 1  75
  50 126  1063.8895    0.0107 1  76
  50 127  1069.4098    0.0102 1  77
  50 128  1077.3477    0.0271 1  78
  50 129  1082.6764    0.0289 1  79
  50 130  1090.2913    0.0090 1  80
  50 131  1095.4969    0.0089 1  81
  50 132  1102.8451    0.0063 1  82
  50 133  1105.2148    0.0233 1  83
  50 134  1108.7626    0.1490 1  84
  51 105   871.4418    0.0162 1  54
  51 106   882.1332    0.0074 1  55
  51 107   894.3846    0.0042 1  56
  51 108   904.2479    0.0055 1  57
  51 109   916.1252    0.0052 1  58
  51 110   925.3949    0.0059 1  59
  51 111   936.8533    0.0089 1  60
  51 112   945.6886    0.0178 1  61
  51 113   956.5762    0.0173 1  62
  51 114   964.7269    0.0219 1  63
  51 115   975.3052    0.0160 1  64
  51 116   983.1953    0.0052 1  65
  51 117   993.0870    0.0089 1  66
  51 118  1000.5120    0.0031 1  67
  51 119  1010.0613    0.0077 1  68
  51 120  1017.0759    0.0074 1  69
  51 121  1026.3297    0.0029 1  70
  51 122  1033.1359    0.0028 1  71
  51 123  1042.0985    0.0022 1  72
  51 124  1048.5660    0.0022 1  73
  51 125  1057.2726    0.0026 1  74
  51 126  1063.4851    0.0319 1  75
  51 127  1071.8584    0.0052 1  76
  51 128  1077.8391    0.0250 1  77
  51 129  1085.9296    0.0213 1  78
  51 130  1091.6617    0.0162 1  79
  51 131  1099.4189    0.0111 1  80
  51 132  1105.1829    0.0104 1  81
  51 133  1112.5281    0.0254 1  82
  51 134  1115.8228    0.0434 1  83
  51 135  1119.5155    0.0479 1  84
  52 106   873.0975    0.1006 1  54
  52 107   883.4853    0.0707 1  55
  52 108   896.8040    0.0056 1  56
  52 109   906.8070    0.0044 1  57
  52 110   919.3927    0.0066 1  58
  52 111   928.8217    0.0064 1  59
  52 112   940.8730    0.0084 1  60
  52 113   949.7238    0.0279 1  61
  52 114   961.3367    0.0279 1  62
  52 115   969.5823    0.0279 1  63
  52 116   980.8596    0.0280 1  64
  52 117   988.7590    0.0135 1  65
  52 118   999.4170    0.0190 1  66
  52 119  1006.9859    0.0080 1  67
  52 120  1017.2457    0.0031 1  68
  52 121  1024.4929    0.0259 1  69
  52 122  1034.3346    0.0016 1  70
  52 123  1041.2634    0.0016 1  71
  52 124  1050.6880    0.0016 1  72
  52 125  1057.2570    0.0016 1  73
  52 126  1066.3706    0.0016 1  74
  52 127  1072.6582    0.0017 1  75
  52 128  1081.4404    0.0009 1  76
  52 129  1087.5228    0.0009 1  77
  52 130  1095.9421    0.0000 1  78
  52 131  1101.8716    0.0001 1  79
  52 132  1109.9121    0.0067 1  80
  52 133  1115.7478    0.0245 1  81
  52 134  1123.4340    0.0107 1  82
  52 135  1126.8494    0.0148 1  83
  52 136  1131.4962    0.0248 1  84
  52 137  1134.3784    0.1201 1  85
  52 138  1138.9148    0.1220 1  86
  53 109   895.9844    0.0059 1  56
  53 110   906.8447    0.0506 1  57
  53 111   919.4056    0.0048 1  58
  53 112   929.5864    0.0102 1  59
  53 113   941.7140    0.0080 1  60
  53 115   963.0749    0.0289 1  62
  53 116   972.3007    0.0966 1  63
  53 117   983.3141    0.0280 1  64
  53 118   991.9222    0.0197 1  65
  53 119  1002.7879    0.0280 1  66
  53 120  1010.8484    0.0154 1  67
  53 121  1021.4181    0.0053 1  68
  53 122  1029.3181    0.0052 1  69
  53 123  1039.2527    0.0038 1  70
  53 124  1046.7460    0.0025 1  71
  53 125  1056.2888    0.0016 1  72
  53 126  1063.4338    0.0038 1  73
  53 127  1072.5776    0.0037 1  74
  53 128  1079.4038    0.0037 1  75
  53 129  1088.2428    0.0032 1  76
  53 130  1094.7429    0.0031 1  77
  53 131  1103.3210    0.0007 1  78
  53 132  1109.6476    0.0057 1  79
  53 133  1117.9075    0.0047 1  80
  53 134  1124.1646    0.0080 1  81
  53 135  1131.9547    0.0074 1  82
  53 136  1135.8069    0.0188 1  83
  53 137  1140.8129    0.0269 1  84
  53 139  1148.9760    0.1211 1  86
  53 140  1152.1161    0.1211 1  87
  53 141  1156.8926    0.1276 1  88
  54 110   897.5179    0.1011 1  56
  54 111   908.0620    0.0867 1  57
  54 112   921.7692    0.0084 1  58
  54 113   932.0157    0.0069 1  59
  54 114   944.9694    0.0112 1  60
  54 115   954.6115    0.0121 1  61
  54 116   967.0729    0.0130 1  62
  54 117   976.2827    0.0104 1  63
  54 118   988.2478    0.0104 1  64
  54 119   997.0345    0.0104 1  65
  54 120  1008.4838    0.0118 1  66
  54 121  1016.8554    0.0111 1  67
  54 122  1027.8090    0.0111 1  68
  54 123  1035.7744    0.0096 1  69
  54 124  1046.2579    0.0019 1  70
  54 125  1053.8611    0.0019 1  71
  54 126  1063.8855    0.0037 1  72
  54 127  1071.1331    0.0041 1  73
  54 128  1080.7421    0.0010 1  74
  54 129  1087.6493    0.0000 1  75
  54 130  1096.9050    0.0000 1  76
  54 131  1103.5094    0.0003 1  77
  54 132  1112.4462    0.0000 1  78
  54 133  1118.8821    0.0024 1  79
  54 134  1127.4343    0.0008 1  80
  54 135  1133.7987    0.0046 1  81
  54 136  1141.8816    0.0000 1  82
  54 137  1145.9072    0.0001 1  83
  54 138  1151.5701    0.0033 1  84
  54 139  1155.3110    0.0021 1  85
  54 140  1160.7241    0.0024 1  86
  54 141  1164.0063    0.0028 1  87
  54 142  1169.1100    0.0027 1  88
  54 143  1172.1545    0.0047 1  89
  54 144  1176.8953    0.0053 1  90
  54 145  1179.5876    0.0112 1  91
  54 146  1184.1206    0.0242 1  92
  55 112   907.2478    0.0869 1  57
  55 113   920.7956    0.0088 1  58
  55 114   931.7833    0.0711 1  59
  55 117   967.8081    0.0624 1  62
  55 118   977.7958    0.0127 1  63
  55 119   989.7628    0.0139 1  64
  55 120   999.4177    0.0100 1  65
  55 121  1010.7008    0.0138 1  66
  55 122  1019.8137    0.0332 1  67
  55 123  1030.7866    0.0121 1  68
  55 124  1039.5455    0.0083 1  69
  55 125  1049.9735    0.0077 1  70
  55 126  1058.3018    0.0121 1  71
  55 127  1068.2686    0.0056 1  72
  55 128  1076.0311    0.0055 1  73
  55 129  1085.6702    0.0045 1  74
  55 130  1093.1420    0.0083 1  75
  55 131  1102.3724    0.0050 1  76
  55 132  1109.5405    0.0018 1  77
  55 133  1118.5270    0.0000 1  78
  55 134  1125.4186    0.0000 1  79
  55 135  1134.1807    0.0009 1  80
  55 136  1141.0092    0.0019 1  81
  55 137  1149.2874    0.0004 1  82
  55 138  1153.6998    0.0091 1  83
  55 139  1159.5852    0.0032 1  84
  55 140  1164.0056    0.0083 1  85
  55 141  1169.5070    0.0102 1  86
  55 142  1173.6233    0.0107 1  87
  55 143  1178.8442    0.0222 1  88
  55 144  1182.5118    0.0252 1  89
  55 145  1187.3678    0.0107 1  90
  55 146  1190.9524    0.0396 1  91
  55 147  1195.4725    0.0531 1  92
  55 148  1198.8203    0.5756 1  93
  56 114   922.2794    0.1093 1  58
  56 117   957.9905    0.2504 1  61
  56 119   981.2654    0.2003 1  63
  56 120   993.6353    0.3001 1  64
  56 121  1003.5608    0.1418 1  65
  56 122  1015.4982    0.0279 1  66
  56 123  1024.6156    0.0121 1  67
  56 124  1036.1217    0.0125 1  68
  56 125  1044.7712    0.0111 1  69
  56 126  1055.8445    0.0125 1  70
  56 127  1064.0614    0.0114 1  71
  56 128  1074.6964    0.0052 1  72
  56 129  1082.4528    0.0110 1  73
  56 130  1092.7217    0.0026 1  74
  56 131  1100.2151    0.0026 1  75
  56 132  1110.0375    0.0011 1  76
  56 133  1117.2274    0.0009 1  77
  56 134  1126.6952    0.0003 1  78
  56 135  1133.6672    0.0003 1  79
  56 136  1142.7749    0.0003 1  80
  56 137  1149.6805    0.0003 1  81
  56 138  1158.2924    0.0003 1  82
  56 139  1163.0157    0.0003 1  83
  56 140  1169.4434    0.0080 1  84
  56 141  1173.9774    0.0054 1  85
  56 142  1180.1608    0.0062 1  86
  56 143  1184.3242    0.0069 1  87
  56 144  1190.2253    0.0072 1  88
  56 145  1194.0457    0.0084 1  89
  56 146  1199.5415    0.0204 1  90
  56 147  1202.9363    0.0197 1  91
  56 148  1208.3373    0.0630 1  92
  57 124  1026.5082    0.0567 1  67
  57 125  1038.0802    0.0260 1  68
  57 126  1047.3656    0.0905 1  69
  57 127  1058.3594    0.0259 1  70
  57 128  1067.1667    0.0544 1  71
  57 129  1077.9324    0.0209 1  72
  57 130  1086.3055    0.0260 1  73
  57 131  1096.5181    0.0279 1  74
  57 132  1104.5438    0.0363 1  75
  57 133  1114.3859    0.0279 1  76
  57 134  1122.1814    0.0200 1  77
  57 135  1131.6848    0.0100 1  78
  57 136  1139.1423    0.0529 1  79
  57 137  1148.2827    0.0122 1  80
  57 138  1155.7695    0.0034 1  81
  57 139  1164.5476    0.0022 1  82
  57 140  1169.7085    0.0022 1  83
  57 141  1176.3962    0.0045 1  84
  57 142  1181.5552    0.0065 1  85
  57 143  1187.7759    0.0073 1  86
  57 144  1192.5095    0.0180 1  87
  57 145  1198.5797    0.0123 1  88
  57 146  1202.8678    0.0337 1  89
  57 147  1208.5682    0.0107 1  90
  57 148  1212.6699    0.0195 1  91
  57 149  1218.2524    0.2003 1  92
  58 126  1042.4304    0.0280 1  68
  58 127  1051.6567    0.0578 1  69
  58 128  1063.2864    0.0279 1  70
  58 129  1072.1113    0.0280 1  71
  58 130  1083.3181    0.0280 1  72
  58 131  1091.6740    0.0327 1  73
  58 132  1102.5090    0.0205 1  74
  58 133  1110.5323    0.0164 1  75
  58 134  1121.0164    0.0204 1  76
  58 135  1128.8768    0.0111 1  77
  58 136  1138.7966    0.0121 1  78
  58 137  1146.2782    0.0122 1  79
  58 138  1156.0300    0.0101 1  80
  58 139  1163.4868    0.0074 1  81
  58 140  1172.6869    0.0022 1  82
  58 141  1178.1150    0.0023 1  83
  58 142  1185.2830    0.0027 1  84
  58 143  1190.4279    0.0027 1  85
  58 144  1197.3248    0.0032 1  86
  58 145  1202.0577    0.0374 1  87
  58 146  1208.6771    0.0181 1  88
  58 147  1213.1213    0.0085 1  89
  58 148  1219.5771    0.0112 1  90
  58 149  1223.9200    0.0103 1  91
  58 150  1230.1708    0.0121 1  92
  58 151  1234.6178    0.0177 1  93
  59 128  1053.3009    0.0298 1  69
  59 129  1064.8151    0.0298 1  70
  59 130  1074.2882    0.0642 1  71
  59 131  1085.4846    0.0470 1  72
  59 132  1094.4689    0.0568 1  73
  59 133  1105.2643    0.0125 1  74
  59 134  1113.9121    0.0355 1  75
  59 135  1124.4053    0.0119 1  76
  59 136  1132.8696    0.0121 1  77
  59 137  1142.7908    0.0114 1  78
  59 138  1150.8107    0.0142 1  79
  59 139  1160.5754    0.0079 1  80
  59 140  1168.5166    0.0064 1  81
  59 141  1177.9132    0.0021 1  82
  59 142  1183.7562    0.0021 1  83
  59 143  1191.1073    0.0023 1  84
  59 144  1196.8611    0.0030 1  85
  59 145  1203.8086    0.0073 1  86
  59 146  1208.9392    0.0353 1  87
  59 147  1215.7689    0.0159 1  88
  59 148  1220.9315    0.0151 1  89
  59 149  1227.5071    0.0098 1  90
  59 150  1232.8386    0.0093 1  91
  59 151  1239.3909    0.0116 1  92
  59 152  1244.4398    0.0185 1  93
  59 153  1250.3347    0.0142 1  94
  59 154  1255.0192    0.1517 1  95
  60 130  1068.9266    0.0280 1  70
  60 131  1078.1698    0.0275 1  71
  60 132  1089.8988    0.0242 1  72
  60 133  1098.8768    0.0465 1  73
  60 134  1110.2621    0.0118 1  74
  60 135  1118.9009    0.0193 1  75
  60 136  1129.9576    0.0118 1  76
  60 137  1138.4142    0.0118 1  77
  60 138  1148.9189    0.0119 1  78
  60 139  1156.9868    0.0277 1  79
  60 140  1167.2975    0.0260 1  80
  60 141  1175.3077    0.0035 1  81
  60 142  1185.1356    0.0018 1  82
  60 143  1191.2593    0.0019 1  83
  60 144  1199.0762    0.0019 1  84
  60 145  1204.8314    0.0019 1  85
  60 146  1212.3967    0.0019 1  86
  60 147  1217.6888    0.0019 1  87
  60 148  1225.0210    0.0024 1  88
  60 149  1230.0597    0.0024 1  89
  60 150  1237.4399    0.0027 1  90
  60 151  1242.7745    0.0027 1  91
  60 152  1250.0510    0.0246 1  92
  60 153  1255.3129    0.0272 1  93
  60 154  1261.7268    0.1140 1  94
  60 156  1272.7074    0.2030 1  96
  61 133  1091.1697    0.0503 1  72
  61 134  1100.5721    0.0578 1  73
  61 135  1111.8823    0.0587 1  74
  61 136  1121.1740    0.0781 1  75
  61 137  1132.1202    0.0130 1  76
  61 138  1141.0590    0.0275 1  77
  61 139  1151.6906    0.0136 1  78
  61 140  1160.4698    0.0354 1  79
  61 141  1170.8556    0.0140 1  80
  61 142  1179.5607    0.0250 1  81
  61 143  1189.4355    0.0033 1  82
  61 144  1195.9623    0.0032 1  83
  61 145  1203.8851    0.0032 1  84
  61 146  1210.1432    0.0045 1  85
  61 147  1217.8021    0.0018 1  86
  61 148  1223.6968    0.0058 1  87
  61 149  1230.9667    0.0025 1  88
  61 150  1236.5708    0.0201 1  89
  61 151  1244.4344    0.0051 1  90
  61 152  1250.3728    0.0260 1  91
  61 153  1257.8663    0.0110 1  92
  61 154  1263.7513    0.0448 1  93
  61 155  1270.2975    0.0301 1  94
  61 156  1275.6151    0.0343 1  95
  61 157  1281.8395    0.1119 1  96
  61 158  1286.6700    0.1119 1  97
  61 159  1292.4321    0.1545 1  98
  62 135  1103.9795    0.1546 1  73
  62 136  1116.0046    0.0125 1  74
  62 137  1125.2915    0.0423 1  75
  62 138  1136.8340    0.0119 1  76
  62 139  1145.7878    0.0108 1  77
  62 140  1156.9348    0.0125 1  78
  62 141  1165.4845    0.0086 1  79
  62 142  1176.6085    0.0037 1  80
  62 143  1185.2098    0.0034 1  81
  62 144  1195.7299    0.0024 1  82
  62 145  1202.4869    0.0025 1  83
  62 146  1210.9030    0.0034 1  84
  62 147  1217.2440    0.0018 1  85
  62 148  1225.3853    0.0018 1  86
  62 149  1231.2559    0.0018 1  87
  62 150  1239.2426    0.0018 1  88
  62 151  1244.8390    0.0017 1  89
  62 152  1253.0969    0.0017 1  90
  62 153  1258.9655    0.0017 1  91
  62 154  1266.9323    0.0018 1  92
  62 155  1272.7393    0.0019 1  93
  62 156  1279.9828    0.0094 1  94
  62 157  1285.4172    0.0502 1  95
  62 158  1291.9675    0.0784 1  96
  62 159  1297.0797    0.0653 1  97
  62 161  1307.7267    0.1431 1  99
  63 138  1126.3036    0.0279 1  75
  63 139  1138.0233    0.0132 1  76
  63 140  1147.6825    0.0515 1  77
  63 141  1158.6935    0.0127 1  78
  63 142  1168.1533    0.0302 1  79
  63 143  1179.1528    0.0110 1  80
  63 144  1188.6011    0.0108 1  81
  63 145  1199.0452    0.0036 1  82
  63 146  1206.2417    0.0061 1  83
  63 147  1214.7401    0.0029 1  84
  63 148  1221.5667    0.0101 1  85
  63 149  1229.7789    0.0042 1  86
  63 150  1236.2012    0.0063 1  87
  63 151  1244.1328    0.0018 1  88
  63 152  1250.4396    0.0018 1  89
  63 153  1258.9900    0.0018 1  90
  63 154  1265.4320    0.0018 1  91
  63 155  1273.5834    0.0019 1  92
  63 156  1279.9229    0.0055 1  93
  63 157  1287.3689    0.0050 1  94
  63 158  1293.1843    0.0768 1  95
  63 159  1300.0973    0.0072 1  96
  63 160  1305.3690    0.0600 1  97
  63 161  1311.9944    0.0601 1  98
  63 162  1316.9602    0.0601 1  99
  63 163  1323.1364    0.0991 1 100
  64 140  1141.6965    0.0280 1  76
  64 141  1151.2097    0.0197 1  77
  64 142  1163.0164    0.0280 1  78
  64 143  1172.3606    0.2003 1  79
  64 144  1183.9591    0.0279 1  80
  64 145  1193.1982    0.0187 1  81
  64 146  1204.4292    0.0045 1  82
  64 147  1211.7703    0.0028 1  83
  64 148  1220.7544    0.0025 1  84
  64 149  1227.6832    0.0037 1  85
  64 150  1236.3904    0.0062 1  86
  64 151  1242.8865    0.0033 1  87
  64 152  1251.4767    0.0017 1  88
  64 153  1257.7235    0.0017 1  89
  64 154  1266.6183    0.0017 1  90
  64 155  1273.0535    0.0017 1  91
  64 156  1281.5900    0.0017 1  92
  64 157  1287.9497    0.0017 1  93
  64 158  1295.8872    0.0017 1  94
  64 159  1301.8303    0.0017 1  95
  64 160  1309.2816    0.0018 1  96
  64 161  1314.9170    0.0021 1  97
  64 162  1321.7628    0.0042 1  98
  64 163  1327.0291    0.0701 1  99
  65 140  1129.6143    0.8005 1  75
  65 141  1141.7440    0.1053 1  76
  65 142  1151.8340    0.7006 1  77
  65 143  1163.7650    0.0512 1  78
  65 144  1173.7854    0.0279 1  79
  65 145  1185.3694    0.0568 1  80
  65 146  1195.3245    0.0448 1  81
  65 147  1206.3740    0.0081 1  82
  65 148  1214.2427    0.0126 1  83
  65 149  1223.2632    0.0042 1  84
  65 150  1230.9506    0.0075 1  85
  65 151  1239.5392    0.0042 1  86
  65 152  1246.7043    0.0400 1  87
  65 153  1255.3722    0.0041 1  88
  65 154  1262.2848    0.0453 1  89
  65 155  1271.4485    0.0119 1  90
  65 156  1278.3630    0.0041 1  91
  65 157  1287.1072    0.0017 1  92
  65 158  1293.8854    0.0019 1  93
  65 159  1302.0184    0.0017 1  94
  65 160  1308.3938    0.0018 1  95
  65 161  1316.0903    0.0019 1  96
  65 162  1322.3752    0.0364 1  97
  65 163  1329.3667    0.0044 1  98
  65 164  1334.9198    0.1000 1  99
  65 166  1346.8693    0.0701 1 101
  66 143  1154.7324    0.0130 1  77
  66 144  1167.2050    0.0072 1  78
  66 145  1176.9487    0.0065 1  79
  66 146  1189.3323    0.0067 1  80
  66 147  1199.0435    0.0081 1  81
  66 148  1210.7797    0.0086 1  82
  66 149  1218.6942    0.0091 1  83
  66 150  1228.3735    0.0047 1  84
  66 151  1235.8864    0.0038 1  85
  66 152  1245.3237    0.0050 1  86
  66 153  1252.4194    0.0043 1  87
  66 154  1261.7410    0.0075 1  88
  66 155  1268.5718    0.0118 1  89
  66 156  1278.0129    0.0064 1  90
  66 157  1284.9821    0.0064 1  91
  66 158  1294.0382    0.0030 1  92
  66 159  1300.8707    0.0021 1  93
  66 160  1309.4470    0.0019 1  94
  66 161  1315.9014    0.0019 1  95
  66 162  1324.0984    0.0019 1  96
  66 163  1330.3693    0.0020 1  97
  66 164  1338.0275    0.0020 1  98
  66 165  1343.7435    0.0020 1  99
  66 166  1350.7870    0.0020 1 100
  66 167  1356.2050    0.0603 1 101
  66 168  1362.9054    0.1399 1 102
  66 169  1368.0143    0.3007 1 103
  67 144  1154.4620    0.0085 1  77
  67 145  1167.0439    0.0074 1  78
  67 146  1177.2334    0.0066 1  79
  67 147  1189.8235    0.0050 1  80
  67 148  1200.1289    0.0838 1  81
  67 149  1211.8737    0.0145 1  82
  67 150  1220.2267    0.0143 1  83
  67 151  1229.9746    0.0083 1  84
  67 152  1238.0310    0.0126 1  85
  67 153  1247.5071    0.0054 1  86
  67 154  1255.2050    0.0083 1  87
  67 155  1264.6766    0.0178 1  88
  67 156  1272.1807    0.0604 1  89
  67 157  1281.6115    0.0236 1  90
  67 158  1289.0348    0.0272 1  91
  67 159  1298.2507    0.0033 1  92
  67 160  1305.3746    0.0152 1  93
  67 161  1314.2609    0.0029 1  94
  67 162  1321.1764    0.0036 1  95
  67 163  1329.5845    0.0020 1  96
  67 164  1336.2590    0.0023 1  97
  67 165  1344.2478    0.0020 1  98
  67 166  1350.4916    0.0020 1  99
  67 167  1357.7728    0.0055 1 100
  67 168  1363.6238    0.0301 1 101
  67 169  1370.4320    0.0201 1 102
  67 170  1375.9448    0.0500 1 103
  67 171  1382.2963    0.6000 1 104
  68 146  1169.5348    0.0067 1  78
  68 147  1179.8918    0.0382 1  79
  68 148  1192.8344    0.0102 1  80
  68 149  1203.1683    0.0280 1  81
  68 150  1215.3295    0.0172 1  82
  68 151  1223.8353    0.0165 1  83
  68 152  1234.1412    0.0087 1  84
  68 153  1242.1876    0.0092 1  85
  68 154  1252.3893    0.0052 1  86
  68 155  1260.0638    0.0064 1  87
  68 156  1270.1388    0.0245 1  88
  68 157  1277.4108    0.0265 1  89
  68 158  1287.3723    0.0253 1  90
  68 159  1294.7000    0.0040 1  91
  68 160  1304.2697    0.0250 1  92
  68 161  1311.4818    0.0090 1  93
  68 162  1320.6868    0.0019 1  94
  68 163  1327.5914    0.0049 1  95
  68 164  1336.4380    0.0026 1  96
  68 165  1343.0884    0.0026 1  97
  68 166  1351.5637    0.0020 1  98
  68 167  1358.0000    0.0020 1  99
  68 168  1365.7714    0.0020 1 100
  68 169  1371.7747    0.0020 1 101
  68 170  1379.0323    0.0024 1 102
  68 171  1384.7141    0.0024 1 103
  68 172  1391.5500    0.0045 1 104
  69 147  1168.4761    0.0069 1  78
  69 148  1179.3380    0.0102 1  79
  69 151  1215.5651    0.0198 1  82
  69 152  1224.6289    0.0736 1  83
  69 153  1234.9211    0.0144 1  84
  69 154  1243.4285    0.0145 1  85
  69 155  1253.6985    0.0099 1  86
  69 156  1261.9833    0.0147 1  87
  69 157  1271.9242    0.0279 1  88
  69 158  1279.9895    0.0253 1  89
  69 159  1289.9279    0.0280 1  90
  69 160  1297.7312    0.0342 1  91
  69 161  1307.3989    0.0280 1  92
  69 162  1315.0454    0.0261 1  93
  69 163  1324.3701    0.0059 1  94
  69 164  1331.6179    0.0244 1  95
  69 165  1340.7142    0.0030 1  96
  69 166  1347.7437    0.0118 1  97
  69 167  1356.4711    0.0023 1  98
  69 168  1363.3116    0.0025 1  99
  69 169  1371.3453    0.0020 1 100
  69 170  1377.9373    0.0020 1 101
  69 171  1385.4237    0.0022 1 102
  69 172  1391.6583    0.0058 1 103
  69 173  1398.6091    0.0050 1 104
  69 174  1404.2917    0.0447 1 105
  69 175  1410.8091    0.0501 1 106
  69 176  1415.9385    0.1000 1 107
  70 151  1205.5472    0.3005 1  81
  70 152  1218.3816    0.2084 1  82
  70 154  1238.1510    0.0172 1  84
  70 155  1246.7933    0.0166 1  85
  70 156  1257.6267    0.0090 1  86
  70 157  1265.8627    0.0104 1  87
  70 158  1276.5125    0.0081 1  88
  70 159  1284.4117    0.0178 1  89
  70 160  1294.8096    0.0158 1  90
  70 161  1302.5555    0.0155 1  91
  70 162  1312.6141    0.0154 1  92
  70 163  1320.1582    0.0153 1  93
  70 164  1329.9479    0.0154 1  94
  70 165  1337.2904    0.0279 1  95
  70 166  1346.6687    0.0073 1  96
  70 167  1353.7347    0.0047 1  97
  70 168  1362.7975    0.0020 1  98
  70 169  1369.6646    0.0020 1  99
  70 170  1378.1232    0.0020 1 100
  70 171  1384.7378    0.0021 1 101
  70 172  1392.7572    0.0021 1 102
  70 173  1399.1246    0.0021 1 103
  70 174  1406.5894    0.0021 1 104
  70 175  1412.4116    0.0021 1 105
  70 176  1419.2761    0.0023 1 106
  70 177  1424.8425    0.0023 1 107
  70 178  1431.6229    0.0103 1 108
  71 153  1217.7728    0.2087 1  82
  71 155  1238.0580    0.0195 1  84
  71 156  1247.3287    0.0736 1  85
  71 157  1258.1090    0.0146 1  86
  71 158  1266.9342    0.0152 1  87
  71 159  1277.5078    0.0377 1  88
  71 160  1286.1340    0.0568 1  89
  71 161  1296.4977    0.0280 1  90
  71 162  1304.8435    0.0750 1  91
  71 163  1314.8695    0.0279 1  92
  71 164  1322.7919    0.0279 1  93
  71 165  1332.6631    0.0266 1  94
  71 166  1340.3130    0.0299 1  95
  71 167  1349.8645    0.0317 1  96
  71 168  1357.5046    0.0469 1  97
  71 169  1366.5891    0.0037 1  98
  71 170  1373.8822    0.0170 1  99
  71 171  1382.4774    0.0026 1 100
  71 172  1389.4568    0.0028 1 101
  71 173  1397.6726    0.0022 1 102
  71 174  1404.4333    0.0023 1 103
  71 175  1412.1001    0.0019 1 104
  71 176  1418.3881    0.0019 1 105
  71 177  1425.4611    0.0019 1 106
  71 178  1431.4863    0.0027 1 107
  71 179  1438.2788    0.0054 1 108
  71 180  1443.9713    0.0707 1 109
  72 156  1240.6487    0.2084 1  84
  72 158  1261.0419    0.0175 1  86
  72 159  1269.8640    0.0169 1  87
  72 160  1281.0203    0.0093 1  88
  72 161  1289.4695    0.0225 1  89
  72 162  1300.3914    0.0094 1  90
  72 163  1308.5820    0.0279 1  91
  72 164  1319.1958    0.0194 1  92
  72 165  1327.0739    0.0279 1  93
  72 166  1337.3687    0.0279 1  94
  72 167  1345.0487    0.0279 1  95
  72 168  1355.0129    0.0279 1  96
  72 169  1362.4404    0.0279 1  97
  72 170  1372.0487    0.0279 1  98
  72 171  1379.2976    0.0289 1  99
  72 172  1388.3412    0.0244 1 100
  72 173  1395.4208    0.0280 1 101
  72 174  1403.9258    0.0026 1 102
  72 175  1410.6344    0.0026 1 103
  72 176  1418.7998    0.0021 1 104
  72 177  1425.1792    0.0021 1 105
  72 178  1432.8051    0.0021 1 106
  72 179  1438.9042    0.0021 1 107
  72 180  1446.2919    0.0022 1 108
  72 181  1451.9867    0.0022 1 109
  72 182  1458.7047    0.0064 1 110
  72 183  1464.0085    0.0300 1 111
  72 184  1470.2950    0.0397 1 112
  73 157  1239.7141    0.2087 1  84
  73 159  1260.6729    0.0200 1  86
  73 160  1270.1736    0.0738 1  87
  73 161  1281.0773    0.0251 1  88
  73 162  1290.2228    0.0522 1  89
  73 163  1301.0544    0.0381 1  90
  73 164  1309.8676    0.0279 1  91
  73 165  1320.5096    0.0157 1  92
  73 166  1328.8252    0.0279 1  93
  73 167  1339.1498    0.0279 1  94
  73 168  1347.2639    0.0279 1  95
  73 169  1357.2317    0.0279 1  96
  73 170  1365.1503    0.0279 1  97
  73 171  1374.8043    0.0279 1  98
  73 172  1382.4852    0.0279 1  99
  73 173  1391.6230    0.0280 1 100
  73 174  1399.0387    0.0280 1 101
  73 175  1407.7778    0.0280 1 102
  73 176  1414.8059    0.0308 1 103
  73 177  1423.2310    0.0037 1 104
  73 178  1430.0858    0.0151 1 105
  73 179  1438.0161    0.0021 1 106
  73 180  1444.6624    0.0023 1 107
  73 181  1452.2390    0.0018 1 108
  73 182  1458.3019    0.0018 1 109
  73 183  1465.2361    0.0018 1 110
  73 184  1470.8527    0.0259 1 111
  73 185  1477.4789    0.0142 1 112
  73 186  1482.7638    0.0601 1 113
  74 160  1262.8789    0.2085 1  86
  74 162  1283.6605    0.0177 1  88
  74 163  1292.6403    0.0528 1  89
  74 164  1304.0375    0.0095 1  90
  74 165  1312.7351    0.0249 1  91
  74 166  1323.8307    0.0103 1  92
  74 167  1332.1050    0.0192 1  93
  74 168  1342.9850    0.0150 1  94
  74 169  1351.0769    0.0154 1  95
  74 170  1361.5240    0.0151 1  96
  74 171  1369.3877    0.0279 1  97
  74 172  1379.4701    0.0279 1  98
  74 173  1387.1716    0.0280 1  99
  74 174  1396.7427    0.0280 1 100
  74 175  1404.2196    0.0280 1 101
  74 176  1413.2997    0.0280 1 102
  74 177  1420.4313    0.0280 1 103
  74 178  1429.2123    0.0153 1 104
  74 179  1436.1678    0.0152 1 105
  74 180  1444.5801    0.0023 1 106
  74 181  1451.2683    0.0047 1 107
  74 182  1459.3336    0.0009 1 108
  74 183  1465.5245    0.0009 1 109
  74 184  1472.9362    0.0009 1 110
  74 185  1478.6901    0.0009 1 111
  74 186  1485.8824    0.0015 1 112
  74 187  1491.3489    0.0015 1 113
  74 188  1498.1838    0.0034 1 114
  74 189  1503.0663    0.2002 1 115
  74 190  1509.9561    0.1649 1 116
  75 161  1261.6816    0.2087 1  86
  75 163  1282.9564    0.0187 1  88
  75 164  1292.5430    0.0740 1  89
  75 165  1303.7402    0.0246 1  90
  75 166  1313.0566    0.0724 1  91
  75 168  1333.1002    0.0307 1  93
  75 169  1343.7863    0.0115 1  94
  75 170  1352.3656    0.0258 1  95
  75 171  1362.7697    0.0279 1  96
  75 172  1371.1138    0.0540 1  97
  75 173  1381.2157    0.0280 1  98
  75 174  1389.4064    0.0280 1  99
  75 175  1399.0928    0.0280 1 100
  75 176  1406.9387    0.0280 1 101
  75 177  1416.2163    0.0280 1 102
  75 178  1423.6720    0.0279 1 103
  75 179  1432.6747    0.0243 1 104
  75 180  1439.9985    0.0214 1 105
  75 181  1448.7559    0.0127 1 106
  75 182  1455.7513    0.1019 1 107
  75 183  1464.1862    0.0081 1 108
  75 184  1470.6711    0.0044 1 109
  75 185  1478.3401    0.0013 1 110
  75 186  1484.5195    0.0013 1 111
  75 187  1491.8789    0.0015 1 112
  75 188  1497.7505    0.0015 1 113
  75 189  1504.7839    0.0083 1 114
  75 190  1510.4436    0.1493 1 115
  75 191  1517.2975    0.0103 1 116
  76 164  1284.6973    0.2086 1  88
  76 166  1305.8174    0.0183 1  90
  76 167  1314.9545    0.0726 1  91
  76 168  1326.5150    0.0099 1  92
  76 169  1335.3152    0.0252 1  93
  76 170  1346.5872    0.0107 1  94
  76 171  1355.0302    0.0188 1  95
  76 172  1366.0533    0.0131 1  96
  76 173  1374.3179    0.0149 1  97
  76 174  1384.9476    0.0110 1  98
  76 175  1393.1332    0.0130 1  99
  76 176  1403.1915    0.0280 1 100
  76 177  1411.1143    0.0158 1 101
  76 178  1420.7830    0.0164 1 102
  76 179  1428.3278    0.0181 1 103
  76 180  1437.7344    0.0200 1 104
  76 181  1445.0029    0.0317 1 105
  76 182  1454.1305    0.0217 1 106
  76 183  1461.2555    0.0498 1 107
  76 184  1469.9207    0.0013 1 108
  76 185  1476.5452    0.0013 1 109
  76 186  1484.8091    0.0015 1 110
  76 187  1491.0989    0.0015 1 111
  76 188  1499.0885    0.0015 1 112
  76 189  1505.0092    0.0015 1 113
  76 190  1512.8013    0.0015 1 114
  76 191  1518.5601    0.0015 1 115
  76 192  1526.1185    0.0027 1 116
  76 193  1531.7018    0.0027 1 117
  76 194  1538.8145    0.0027 1 118
  76 195  1544.1428    0.5000 1 119
  76 196  1550.7986    0.0400 1 120
  77 167  1304.7473    0.0185 1  90
  77 168  1314.4575    0.0744 1  91
  77 169  1325.8949    0.0243 1  92
  77 171  1346.3848    0.0395 1  94
  77 172  1355.4053    0.0323 1  95
  77 173  1366.3677    0.0116 1  96
  77 174  1375.0374    0.0277 1  97
  77 175  1385.6262    0.0131 1  98
  77 176  1394.1722    0.0204 1  99
  77 177  1404.4298    0.0198 1 100
  77 178  1412.7057    0.0198 1 101
  77 179  1422.6025    0.0109 1 102
  77 180  1430.5739    0.0218 1 103
  77 181  1440.1395    0.0257 1 104
  77 182  1447.7908    0.0209 1 105
  77 183  1457.0076    0.0251 1 106
  77 184  1464.4927    0.0280 1 107
  77 185  1473.2886    0.0279 1 108
  77 186  1480.1973    0.0166 1 109
  77 187  1488.6281    0.0062 1 110
  77 188  1495.5183    0.0096 1 111
  77 189  1503.6949    0.0129 1 112
  77 190  1510.0651    0.0019 1 113
  77 191  1518.0917    0.0019 1 114
  77 192  1524.2897    0.0019 1 115
  77 193  1532.0618    0.0019 1 116
  77 194  1538.1287    0.0019 1 117
  77 195  1545.3604    0.0019 1 118
  77 196  1551.1754    0.0384 1 119
  77 197  1558.0746    0.0201 1 120
  77 199  1570.3516    0.0410 1 122
  78 168  1306.0034    0.2087 1  90
  78 170  1327.4054    0.0185 1  92
  78 171  1336.6428    0.0727 1  93
  78 172  1348.3464    0.0107 1  94
  78 173  1357.2560    0.0561 1  95
  78 174  1368.6996    0.0113 1  96
  78 175  1377.1478    0.0189 1  97
  78 176  1388.4639    0.0130 1  98
  78 177  1396.9708    0.0150 1  99
  78 178  1407.6703    0.0109 1 100
  78 179  1416.0129    0.0081 1 101
  78 180  1426.2505    0.0110 1 102
  78 181  1434.2601    0.0148 1 103
  78 182  1444.1267    0.0157 1 104
  78 183  1451.8007    0.0156 1 105
  78 184  1461.4320    0.0182 1 106
  78 185  1468.8538    0.0411 1 107
  78 186  1478.1064    0.0218 1 108
  78 187  1485.0262    0.0279 1 109
  78 188  1494.2136    0.0056 1 110
  78 189  1500.9412    0.0112 1 111
  78 190  1509.8524    0.0059 1 112
  78 191  1516.2999    0.0050 1 113
  78 192  1524.9619    0.0031 1 114
  78 193  1531.2228    0.0019 1 115
  78 194  1539.5751    0.0010 1 116
  78 195  1545.6802    0.0010 1 117
  78 196  1553.6021    0.0010 1 118
  78 197  1559.4485    0.0008 1 119
  78 198  1567.0035    0.0022 1 120
  78 199  1572.5594    0.0022 1 121
  78 200  1579.8412    0.0202 1 122
  78 201  1585.0529    0.0500 1 123
  79 171  1325.9575    0.0210 1  92
  79 172  1335.8300    0.0752 1  93
  79 173  1347.3541    0.0239 1  94
  79 175  1368.1182    0.0424 1  96
  79 176  1377.1429    0.0331 1  97
  79 177  1388.3645    0.0108 1  98
  79 178  1397.2152    0.0571 1  99
  79 179  1407.9406    0.0125 1 100
  79 180  1416.6281    0.0211 1 101
  79 181  1426.9744    0.0199 1 102
  79 182  1435.4751    0.0202 1 103
  79 183  1445.4325    0.0104 1 104
  79 184  1453.6356    0.0223 1 105
  79 185  1463.2552    0.0261 1 106
  79 186  1471.1744    0.0210 1 107
  79 187  1480.5360    0.0251 1 108
  79 188  1487.9031    0.0203 1 109
  79 189  1497.2555    0.0200 1 110
  79 190  1504.6281    0.0161 1 111
  79 191  1513.6274    0.0371 1 112
  79 192  1520.6632    0.0159 1 113
  79 193  1529.3647    0.0087 1 114
  79 194  1536.2917    0.0103 1 115
  79 195  1544.6709    0.0014 1 116
  79 196  1551.3127    0.0029 1 117
  79 197  1559.3850    0.0006 1 118
  79 198  1565.8975    0.0006 1 119
  79 199  1573.4817    0.0006 1 120
  79 200  1579.7263    0.0498 1 121
  79 201  1586.9303    0.0032 1 122
  79 202  1593.0001    0.1664 1 123
  79 203  1599.8157    0.0030 1 124
  80 172  1326.7754    0.2086 1  92
  80 174  1348.4678    0.0195 1  94
  80 175  1357.8665    0.0730 1  95
  80 176  1369.7426    0.0120 1  96
  80 177  1378.8158    0.0750 1  97
  80 178  1390.4181    0.0117 1  98
  80 179  1399.1000    0.0274 1  99
  80 180  1410.5007    0.0128 1 100
  80 181  1418.9821    0.0154 1 101
  80 182  1429.9690    0.0096 1 102
  80 183  1438.2694    0.0071 1 103
  80 184  1448.8843    0.0101 1 104
  80 185  1456.7817    0.0155 1 105
  80 186  1467.2173    0.0112 1 106
  80 187  1474.8669    0.0138 1 107
  80 188  1485.0222    0.0115 1 108
  80 189  1492.5222    0.0335 1 109
  80 190  1502.3339    0.0160 1 110
  80 191  1509.6276    0.0225 1 111
  80 192  1519.1174    0.0156 1 112
  80 193  1526.2396    0.0154 1 113
  80 194  1535.4409    0.0126 1 114
  80 195  1542.3196    0.0232 1 115
  80 196  1551.2172    0.0029 1 116
  80 197  1558.0027    0.0032 1 117
  80 198  1566.4879    0.0004 1 118
  80 199  1573.1506    0.0004 1 119
  80 200  1581.1792    0.0004 1 120
  80 201  1587.4099    0.0006 1 121
  80 202  1595.1639    0.0006 1 122
  80 203  1601.1594    0.0016 1 123
  80 204  1608.6511    0.0004 1 124
  80 205  1614.3202    0.0037 1 125
  80 206  1621.0500    0.0204 1 126
  80 207  1624.3940    0.1501 1 127
  80 208  1629.5117    0.0308 1 128
  81 176  1356.6013    0.0752 1  95
  81 177  1368.5829    0.0228 1  96
  81 179  1389.6962    0.0431 1  98
  81 180  1398.7292    0.0599 1  99
  81 181  1410.3375    0.0092 1 100
  81 182  1418.9606    0.0759 1 101
  81 183  1430.2704    0.0093 1 102
  81 184  1438.6373    0.0493 1 103
  81 185  1449.5793    0.0538 1 104
  81 186  1457.7694    0.0260 1 105
  81 187  1468.4097    0.0080 1 106
  81 188  1476.3843    0.0325 1 107
  81 189  1486.7111    0.0110 1 108
  81 190  1494.4912    0.0139 1 109
  81 191  1504.5345    0.0073 1 110
  81 192  1512.1951    0.0317 1 111
  81 193  1521.6942    0.0787 1 112
  81 194  1529.2925    0.1350 1 113
  81 195  1538.6921    0.0137 1 114
  81 196  1546.1046    0.0122 1 115
  81 197  1555.0205    0.0164 1 116
  81 198  1562.2455    0.0800 1 117
  81 199  1570.8815    0.0279 1 118
  81 200  1577.9408    0.0058 1 119
  81 201  1586.1475    0.0151 1 120
  81 202  1593.0215    0.0143 1 121
  81 203  1600.8694    0.0012 1 122
  81 204  1607.5255    0.0012 1 123
  81 205  1615.0715    0.0014 1 124
  81 206  1621.5753    0.0014 1 125
  81 207  1628.4265    0.0056 1 126
  81 208  1632.2163    0.0021 1 127
  81 209  1637.1730    0.0079 1 128
  81 210  1640.8536    0.0115 1 129
  81 213  1654.0573    0.0605 1 132
  82 178  1368.9733    0.0242 1  96
  82 179  1378.5638    0.0755 1  97
  82 180  1390.6198    0.0131 1  98
  82 181  1399.8596    0.0766 1  99
  82 182  1411.6481    0.0129 1 100
  82 183  1420.4677    0.0282 1 101
  82 184  1432.0225    0.0129 1 102
  82 185  1440.5826    0.0161 1 103
  82 186  1451.7948    0.0113 1 104
  82 187  1460.1742    0.0058 1 105
  82 188  1471.0710    0.0107 1 106
  82 189  1479.2047    0.0344 1 107
  82 190  1489.8156    0.0122 1 108
  82 191  1497.7152    0.0392 1 109
  82 192  1508.0970    0.0127 1 110
  82 193  1515.8064    0.0496 1 111
  82 194  1525.8918    0.0175 1 112
  82 195  1533.4683    0.0234 1 113
  82 196  1543.1874    0.0143 1 114
  82 197  1550.6456    0.0055 1 115
  82 198  1560.0195    0.0147 1 116
  82 199  1567.2715    0.0099 1 117
  82 200  1576.3668    0.0110 1 118
  82 201  1583.4402    0.0223 1 119
  82 202  1592.1908    0.0032 1 120
  82 203  1599.1122    0.0065 1 121
  82 204  1607.5070    0.0012 1 122
  82 205  1614.2385    0.0012 1 123
  82 206  1622.3252    0.0012 1 124
  82 207  1629.0629    0.0012 1 125
  82 208  1636.4309    0.0012 1 126
  82 209  1640.3683    0.0019 1 127
  82 210  1645.5532    0.0015 1 128
  82 211  1649.3868    0.0027 1 129
  82 212  1654.5199    0.0021 1 130
  82 213  1658.2389    0.0066 1 131
  82 214  1663.2913    0.0024 1 132
  83 184  1419.0002    0.0780 1 101
  83 186  1439.4996    0.0768 1 103
  83 187  1450.7867    0.0103 1 104
  83 188  1459.6742    0.0494 1 105
  83 189  1470.6079    0.0539 1 106
  83 190  1479.2024    0.0264 1 107
  83 191  1489.9270    0.0074 1 108
  83 192  1498.3041    0.0330 1 109
  83 193  1508.7021    0.0097 1 110
  83 194  1516.8685    0.0147 1 111
  83 195  1526.9978    0.0053 1 112
  83 196  1535.0524    0.0245 1 113
  83 197  1544.8016    0.0083 1 114
  83 198  1552.5557    0.0279 1 115
  83 199  1562.0563    0.0117 1 116
  83 200  1569.6998    0.0244 1 117
  83 201  1578.8160    0.0153 1 118
  83 202  1586.2136    0.0152 1 119
  83 203  1595.0670    0.0128 1 120
  83 204  1602.2596    0.0092 1 121
  83 205  1610.7500    0.0051 1 122
  83 206  1617.7854    0.0078 1 123
  83 207  1625.8831    0.0025 1 124
  83 208  1632.7700    0.0023 1 125
  83 209  1640.2300    0.0015 1 126
  83 210  1644.8345    0.0015 1 127
  83 211  1649.9719    0.0055 1 128
  83 212  1654.3047    0.0019 1 129
  83 213  1659.4862    0.0049 1 130
  83 214  1663.5282    0.0111 1 131
  83 215  1668.7498    0.0148 1 132
  83 216  1672.5958    0.0112 1 133
  84 186  1431.4508    0.0333 1 102
  84 187  1440.7843    0.0320 1 103
  84 188  1452.2345    0.0184 1 104
  84 189  1461.1815    0.0193 1 105
  84 190  1472.3972    0.0135 1 106
  84 191  1480.9597    0.0118 1 107
  84 192  1492.0472    0.0111 1 108
  84 193  1500.4067    0.0347 1 109
  84 194  1511.1241    0.0126 1 110
  84 195  1519.2610    0.0392 1 111
  84 196  1529.7347    0.0129 1 112
  84 197  1537.6904    0.0496 1 113
  84 198  1547.8777    0.0174 1 114
  84 199  1555.6899    0.0235 1 115
  84 200  1565.5016    0.0144 1 116
  84 201  1573.1426    0.0058 1 117
  84 202  1582.6141    0.0147 1 118
  84 203  1590.0709    0.0087 1 119
  84 204  1599.1776    0.0110 1 120
  84 205  1606.4120    0.0199 1 121
  84 206  1615.1597    0.0035 1 122
  84 207  1622.1921    0.0066 1 123
  84 208  1630.5873    0.0019 1 124
  84 209  1637.5549    0.0019 1 125
  84 210  1645.2135    0.0013 1 126
  84 211  1649.7640    0.0013 1 127
  84 212  1655.7723    0.0013 1 128
  84 213  1660.1277    0.0032 1 129
  84 214  1666.0155    0.0015 1 130
  84 215  1670.1561    0.0026 1 131
  84 216  1675.9094    0.0022 1 132
  84 217  1679.8726    0.0063 1 133
  84 218  1685.4722    0.0024 1 134
  84 221  1698.2610    0.0577 1 137
  84 222  1703.6356    0.0670 1 138
  85 191  1471.2606    0.0162 1 106
  85 192  1480.2743    0.0557 1 107
  85 193  1491.3303    0.0542 1 108
  85 194  1500.0355    0.0303 1 109
  85 195  1510.8837    0.0090 1 110
  85 196  1519.4021    0.0600 1 111
  85 197  1529.8943    0.0508 1 112
  85 198  1538.2719    0.0149 1 113
  85 199  1548.5149    0.0056 1 114
  85 200  1556.7520    0.0244 1 115
  85 201  1566.6245    0.0082 1 116
  85 202  1574.4974    0.0279 1 117
  85 203  1584.1417    0.0118 1 118
  85 204  1591.9257    0.0245 1 119
  85 205  1601.0920    0.0152 1 120
  85 206  1608.6208    0.0150 1 121
  85 207  1617.4904    0.0124 1 122
  85 208  1624.8043    0.0089 1 123
  85 209  1633.2888    0.0050 1 124
  85 210  1640.4498    0.0078 1 125
  85 211  1648.1965    0.0027 1 126
  85 212  1653.2487    0.0023 1 127
  85 213  1659.2715    0.0049 1 128
  85 214  1664.1429    0.0043 1 129
  85 215  1670.0892    0.0069 1 130
  85 216  1674.6509    0.0037 1 131
  85 217  1680.5806    0.0050 1 132
  85 218  1684.9497    0.0116 1 133
  85 219  1690.7216    0.0039 1 134
  85 220  1694.8383    0.0513 1 135
  85 224  1713.7693    0.0587 1 139
  86 193  1481.4371    0.0228 1 107
  86 194  1492.8303    0.0169 1 108
  86 195  1501.5613    0.0513 1 109
  86 196  1512.7263    0.0145 1 110
  86 197  1521.2915    0.0609 1 111
  86 198  1532.0706    0.0131 1 112
  86 199  1540.4204    0.0635 1 113
  86 200  1550.9871    0.0130 1 114
  86 201  1559.1254    0.0496 1 115
  86 202  1569.3997    0.0176 1 116
  86 203  1577.3557    0.0235 1 117
  86 204  1587.2507    0.0145 1 118
  86 205  1595.0521    0.0504 1 119
  86 206  1604.5258    0.0148 1 120
  86 207  1612.1156    0.0085 1 121
  86 208  1621.2125    0.0112 1 122
  86 209  1628.5521    0.0201 1 123
  86 210  1637.2963    0.0040 1 124
  86 211  1644.5223    0.0068 1 125
  86 212  1652.4978    0.0032 1 126
  86 213  1657.6077    0.0058 1 127
  86 214  1664.3007    0.0092 1 128
  86 215  1669.2208    0.0077 1 129
  86 216  1675.8679    0.0073 1 130
  86 217  1680.5364    0.0041 1 131
  86 218  1687.0486    0.0024 1 132
  86 219  1691.5056    0.0024 1 133
  86 220  1697.8005    0.0022 1 134
  86 221  1702.0059    0.0060 1 135
  86 222  1708.1775    0.0022 1 136
  86 223  1712.2261    0.0103 1 137
  86 224  1718.2581    0.0150 1 138
  86 225  1722.2090    0.0214 1 139
  86 226  1728.0966    0.0158 1 140
  86 227  1732.0325    0.0177 1 141
  86 228  1737.7294    0.0223 1 142
  86 229  1741.6875    0.0131 1 143
  87 199  1531.3671    0.0418 1 112
  87 200  1540.0752    0.0780 1 113
  87 201  1550.6689    0.0714 1 114
  87 202  1559.1791    0.0154 1 115
  87 203  1569.5359    0.0065 1 116
  87 204  1577.8772    0.0247 1 117
  87 205  1587.8656    0.0078 1 118
  87 206  1595.8696    0.0282 1 119
  87 207  1605.5408    0.0507 1 120
  87 208  1613.4403    0.0524 1 121
  87 209  1622.6104    0.0146 1 122
  87 210  1630.2449    0.0151 1 123
  87 211  1639.1238    0.0120 1 124
  87 212  1646.5709    0.0087 1 125
  87 213  1654.6797    0.0051 1 126
  87 214  1660.1570    0.0088 1 127
  87 215  1666.9518    0.0071 1 128
  87 216  1672.3702    0.0041 1 129
  87 217  1679.0980    0.0065 1 130
  87 218  1684.4248    0.0048 1 131
  87 219  1690.9364    0.0070 1 132
  87 220  1696.1456    0.0042 1 133
  87 221  1702.4185    0.0049 1 134
  87 222  1707.4193    0.0213 1 135
  87 223  1713.4556    0.0025 1 136
  87 224  1718.2596    0.0500 1 137
  87 225  1724.1671    0.0302 1 138
  87 226  1728.6808    0.1001 1 139
  87 227  1734.4702    0.1001 1 140
  87 229  1744.4512    0.0373 1 142
  87 230  1748.8392    0.0299 1 143
  88 202  1552.4696    0.0242 1 114
  88 203  1560.9741    0.0808 1 115
  88 204  1571.6462    0.0147 1 116
  88 205  1579.9348    0.0705 1 117
  88 206  1590.2800    0.0179 1 118
  88 207  1598.3781    0.0553 1 119
  88 208  1608.2734    0.0154 1 120
  88 209  1616.2040    0.0504 1 121
  88 210  1625.6707    0.0151 1 122
  88 211  1633.3694    0.0080 1 123
  88 212  1642.4766    0.0112 1 124
  88 213  1649.9860    0.0200 1 125
  88 214  1658.3197    0.0047 1 126
  88 215  1663.9537    0.0075 1 127
  88 216  1671.2678    0.0089 1 128
  88 217  1676.7427    0.0085 1 129
  88 218  1684.0504    0.0111 1 130
  88 219  1689.3788    0.0083 1 131
  88 220  1696.5714    0.0092 1 132
  88 221  1701.9515    0.0046 1 133
  88 222  1708.6654    0.0047 1 134
  88 223  1713.8223    0.0025 1 135
  88 224  1720.3073    0.0022 1 136
  88 225  1725.2048    0.0029 1 137
  88 226  1731.6025    0.0023 1 138
  88 227  1736.1638    0.0023 1 139
  88 228  1742.4677    0.0027 1 140
  88 229  1746.9299    0.0151 1 141
  88 230  1753.0403    0.0104 1 142
  88 231  1757.4020    0.0196 1 143
  88 232  1763.2014    0.0121 1 144
  89 206  1579.5302    0.0523 1 117
  89 207  1589.9867    0.0505 1 118
  89 208  1598.4460    0.0557 1 119
  89 209  1608.4320    0.0506 1 120
  89 210  1616.5581    0.0573 1 121
  89 211  1626.2148    0.0711 1 122
  89 212  1634.2172    0.0725 1 123
  89 213  1643.4066    0.0522 1 124
  89 214  1651.1885    0.0154 1 125
  89 215  1659.6736    0.0125 1 126
  89 216  1665.6311    0.0108 1 127
  89 217  1673.1438    0.0113 1 128
  89 218  1679.0753    0.0508 1 129
  89 219  1686.4208    0.0506 1 130
  89 220  1692.3181    0.0062 1 131
  89 221  1699.6100    0.0504 1 132
  89 222  1705.5830    0.0051 1 133
  89 223  1712.4489    0.0071 1 134
  89 224  1718.1145    0.0043 1 135
  89 225  1724.7792    0.0047 1 136
  89 226  1730.1794    0.0034 1 137
  89 227  1736.7090    0.0023 1 138
  89 228  1741.7312    0.0027 1 139
  89 229  1747.9535    0.0325 1 140
  89 230  1752.9678    0.3001 1 141
  89 231  1758.9287    0.1000 1 142
  89 232  1763.7640    0.1000 1 143
  89 236  1783.9353    0.0680 1 147
  90 208  1591.7400    0.0339 1 118
  90 209  1599.9573    0.0865 1 119
  90 210  1610.5068    0.0189 1 120
  90 211  1618.7308    0.0745 1 121
  90 212  1628.6111    0.0161 1 122
  90 213  1636.6605    0.0711 1 123
  90 214  1646.1394    0.0160 1 124
  90 215  1654.0004    0.0088 1 125
  90 216  1662.6997    0.0117 1 126
  90 217  1668.8463    0.0206 1 127
  90 218  1676.7661    0.0102 1 128
  90 219  1682.7354    0.0506 1 129
  90 220  1690.6104    0.0222 1 130
  90 221  1696.4128    0.0093 1 131
  90 222  1704.2192    0.0122 1 132
  90 223  1710.1077    0.0091 1 133
  90 224  1717.5684    0.0110 1 134
  90 225  1723.3259    0.0052 1 135
  90 226  1730.5103    0.0047 1 136
  90 227  1735.9714    0.0025 1 137
  90 228  1743.0828    0.0023 1 138
  90 229  1748.3328    0.0027 1 139
  90 230  1755.1284    0.0018 1 140
  90 231  1760.2463    0.0018 1 141
  90 232  1766.6816    0.0023 1 142
  90 233  1771.4680    0.0023 1 143
  90 234  1777.6617    0.0035 1 144
  90 235  1782.0919    0.0501 1 145
  91 212  1618.3121    0.0748 1 121
  91 213  1628.3339    0.0711 1 122
  91 214  1636.5830    0.0762 1 123
  91 215  1646.2688    0.0871 1 124
  91 216  1654.4159    0.0739 1 125
  91 217  1663.2114    0.0523 1 126
  91 218  1669.6692    0.0183 1 127
  91 219  1677.8848    0.0515 1 128
  91 220  1684.0979    0.0513 1 129
  91 221  1692.1918    0.0513 1 130
  91 223  1706.3905    0.0711 1 132
  91 224  1712.9202    0.0076 1 133
  91 225  1720.5132    0.0711 1 134
  91 226  1726.8921    0.0115 1 135
  91 227  1734.1639    0.0075 1 136
  91 228  1740.1454    0.0043 1 137
  91 229  1747.2399    0.0027 1 138
  91 230  1753.0356    0.0032 1 139
  91 231  1759.8547    0.0023 1 140
  91 232  1765.4100    0.0077 1 141
  91 233  1771.9319    0.0021 1 142
  91 234  1777.1523    0.0047 1 143
  91 235  1783.2343    0.0501 1 144
  91 236  1788.2898    0.1999 1 145
  91 237  1794.0653    0.1000 1 146
  91 238  1799.0099    0.0600 1 147
  92 217  1656.7876    0.0868 1 125
  92 218  1665.6602    0.0183 1 126
  92 219  1672.3398    0.0508 1 127
  92 223  1702.0901    0.0711 1 131
  92 224  1710.2864    0.0253 1 132
  92 225  1716.6940    0.0115 1 133
  92 226  1724.8138    0.0131 1 134
  92 227  1731.1919    0.0168 1 135
  92 228  1739.0607    0.0150 1 136
  92 229  1745.1460    0.0060 1 137
  92 230  1752.8131    0.0048 1 138
  92 231  1758.6908    0.0030 1 139
  92 232  1765.9650    0.0021 1 140
  92 233  1771.7200    0.0026 1 141
  92 234  1778.5643    0.0019 1 142
  92 235  1783.8619    0.0019 1 143
  92 236  1790.4075    0.0019 1 144
  92 237  1795.5331    0.0019 1 145
  92 238  1801.6876    0.0019 1 146
  92 239  1806.4939    0.0019 1 147
  92 240  1812.4238    0.0050 1 148
  93 225  1711.7010    0.0715 1 132
  93 227  1726.8696    0.0724 1 134
  93 228  1733.9071    0.0506 1 135
  93 229  1741.7948    0.0868 1 136
  93 230  1748.4093    0.0513 1 137
  93 231  1756.0913    0.0506 1 138
  93 233  1769.9087    0.0510 1 140
  93 234  1775.9720    0.0084 1 141
  93 235  1782.9556    0.0019 1 142
  93 236  1788.6992    0.0505 1 143
  93 237  1795.2693    0.0019 1 144
  93 238  1800.7577    0.0019 1 145
  93 239  1806.9729    0.0022 1 146
  93 240  1812.0417    0.0151 1 147
  93 241  1818.1661    0.0709 1 148
  93 242  1823.0809    0.1999 1 149
  94 228  1730.6418    0.0308 1 134
  94 229  1737.3989    0.0513 1 135
  94 230  1745.9296    0.0152 1 136
  94 231  1752.6492    0.0263 1 137
  94 232  1760.6403    0.0181 1 138
  94 233  1767.0254    0.0503 1 139
  94 234  1774.7987    0.0070 1 140
  94 235  1781.0352    0.0207 1 141
  94 236  1788.3933    0.0021 1 142
  94 237  1794.2671    0.0021 1 143
  94 238  1801.2668    0.0019 1 144
  94 239  1806.9130    0.0019 1 145
  94 240  1813.4471    0.0019 1 146
  94 241  1818.6886    0.0019 1 147
  94 242  1824.9984    0.0019 1 148
  94 243  1830.0327    0.0032 1 149
  94 244  1836.0538    0.0051 1 150
  94 245  1840.7526    0.0145 1 151
  94 246  1846.6069    0.0153 1 152
  95 235  1777.8109    0.0522 1 140
  95 238  1798.2261    0.0507 1 143
  95 239  1805.3287    0.0024 1 144
  95 240  1811.2800    0.0139 1 145
  95 241  1817.9271    0.0019 1 146
  95 242  1823.4650    0.0019 1 147
  95 243  1829.8296    0.0022 1 148
  95 244  1835.1962    0.0022 1 149
  95 245  1841.2487    0.0034 1 150
  95 246  1846.2251    0.0182 1 151
  96 233  1758.2211    0.0718 1 137
  96 234  1766.8604    0.0183 1 138
  96 236  1781.8621    0.0271 1 140
  96 237  1788.5505    0.0709 1 141
  96 238  1796.4242    0.0124 1 142
  96 239  1802.7911    0.0540 1 143
  96 240  1810.2911    0.0022 1 144
  96 241  1816.3774    0.0022 1 145
  96 242  1823.3469    0.0019 1 146
  96 243  1829.0399    0.0022 1 147
  96 244  1835.8411    0.0020 1 148
  96 245  1841.3615    0.0022 1 149
  96 246  1847.8191    0.0020 1 150
  96 247  1852.9750    0.0044 1 151
  96 248  1859.1879    0.0050 1 152
  96 249  1863.9011    0.0050 1 153
  96 250  1869.7338    0.0113 1 154
  96 251  1874.1451    0.0228 1 155
  97 243  1826.7501    0.0049 1 146
  97 244  1832.7970    0.0144 1 147
  97 245  1839.7682    0.0022 1 148
  97 246  1845.6866    0.0600 1 149
  97 247  1852.2357    0.0054 1 150
  97 249  1864.0195    0.0027 1 152
  97 250  1868.9890    0.0040 1 153
  97 251  1874.7830    0.0110 1 154
  98 237  1778.2968    0.0875 1 139
  98 240  1802.4398    0.0288 1 142
  98 242  1817.2031    0.0131 1 144
  98 244  1831.2581    0.0029 1 146
  98 245  1837.4147    0.0027 1 147
  98 246  1844.7808    0.0022 1 148
  98 247  1850.8414    0.0153 1 149
  98 248  1857.7756    0.0052 1 150
  98 249  1863.3611    0.0022 1 151
  98 250  1869.9862    0.0020 1 152
  98 251  1875.0935    0.0045 1 153
  98 252  1881.2667    0.0050 1 154
  98 253  1886.0710    0.0061 1 155
  98 254  1892.1027    0.0122 1 156
  99 247  1847.5847    0.0195 1 148
  99 251  1873.9348    0.0060 1 152
  99 252  1879.2241    0.0501 1 153
  99 253  1885.5759    0.0025 1 154
  99 254  1890.6691    0.0043 1 155
  99 255  1896.6423    0.0110 1 156
 100 246  1837.1218    0.0155 1 146
 100 248  1851.5581    0.0084 1 148
 100 249  1858.0018    0.0062 1 149
 100 250  1865.5203    0.0080 1 150
 100 251  1871.7120    0.0153 1 151
 100 252  1878.9186    0.0058 1 152
 100 253  1884.4586    0.0035 1 153
 100 254  1890.9744    0.0028 1 154
 100 255  1896.1497    0.0048 1 155
 100 256  1902.5352    0.0072 1 156
 100 257  1907.5031    0.0064 1 157
 101 251  1867.9169    0.0188 1 150
 101 255  1894.3247    0.0066 1 154
 101 256  1899.6306    0.0709 1 155
 101 257  1906.3140    0.0028 1 156
 101 258  1911.6934    0.0046 1 157
 102 252  1871.3047    0.0093 1 150
 102 253  1877.8831    0.0071 1 151
 102 254  1885.5898    0.0099 1 152
 102 255  1891.5793    0.0148 1 153
 102 256  1898.6327    0.0079 1 154
 102 257  1904.2777    0.0069 1 155
 103 255  1887.6570    0.0176 1 152
 103 256  1893.9290    0.0829 1 153
 104 256  1890.6748    0.0179 1 152
 104 257  1897.0961    0.0108 1 153
 104 258  1904.6930    0.0320 1 154
 104 261  1923.9257    0.0365 1 157
 105 259  1906.3337    0.0531 1 154
 105 260  1913.0330    0.0884 1 155
 106 260  1909.0698    0.0205 1 154
 106 261  1915.6782    0.0185 1 155
 108 264  1926.7750    0.0288 1 156
 108 265  1933.2383    0.0533 1 157
 110 269  1950.0985    0.0570 1 159
